#! FIELDS time phi psi sigma_phi sigma_psi height
#! SET kernel_cutoff       6.331728635426527
#! SET epsilon   1.969681945254656e-09
#! SET ci       4.605057895940955
#! SET min_phi -pi
#! SET max_phi pi
#! SET min_psi -pi
#! SET max_psi pi
                    100     -1.158524796553521      1.466843437368009     0.1499999992689846     0.1499999992689846  1.462030719377728e-08
                    100     -1.314716190644344      2.282620912383137     0.1499999985379683     0.1499999985379683  1.462032841262351e-08
                    100     -1.320134780386998      1.155637431312585     0.1503589023499506     0.1515950396317711  2.522066679204616e-05
                    100      -1.08760979700468      0.587026653792293     0.1499999967216673     0.1499999967216673  1.468004456819715e-08
                    100     -1.606125643535826     0.9881984735664512     0.1560368491877994     0.1568221690487733  8.524755214382808e-06
                    100     -1.248985904461701     0.7253989749792762     0.1501087967315346     0.1519023407559301  2.080148454827638e-06
                    100     -2.003507126136728      2.483931120336785     0.1499999920062059     0.1499999920062059  1.462135338660309e-08
                    100     -2.277231655672827      1.327213156226467     0.1527507466542201     0.1500667414408524  1.029939558781746e-07
                    100     -2.348715966646332      2.890412606039655     0.1505315983496251     0.1499981064747408  1.680019500192592e-06
                    100     -2.484474026319659      2.261354734739871     0.1499999897645214     0.1499999897645214  1.481287104270292e-08
                    100     -3.032267980198884     -3.038772982949074     0.1515708574639416      0.150423908958977  3.352692182924221e-07
                    100     -2.877676832140336      2.418319815711607     0.1499999882109345     0.1499999882109345  1.645125795998238e-08
                    100     -1.567048066970623    0.07605642228079396     0.1597258900004385     0.1509480503852095   3.87226192980402e-06
                    100     -1.638515715443893       2.30938684697132     0.1515418996225155     0.1500156598569201  9.433423175560516e-07
                    100     -1.678983635799418      2.868239350694367     0.1500485375061408     0.1505955864271984  1.182610989306644e-07
                    100     -1.981667991137578     0.3538277449776346      0.153470617933053     0.1535303207835246  4.179643390960706e-07
                    100     -2.509330651032936      2.925604618798118     0.1507953872269152     0.1500135014708065   2.15136627850879e-07
                    100     -2.327500792410211      2.661588587088902      0.150169615749389     0.1529519294791948  6.002035871980477e-07
                    100     -1.835236907235852     0.9907229842909397     0.1503873523019944     0.1500624346198606  3.214948399869481e-07
                    100      -1.22139018608451       2.58915410576434     0.1499999778278352     0.1499999778278352  2.899157156710946e-08
                    100      -1.90133222222486      2.214033003829804     0.1500689945022201     0.1555557037838445  1.706717619022074e-07
                    100     -2.336926837743353      1.951915570647251     0.1499999720756849     0.1499999720756849  2.342900474643587e-08
                    100     -1.259895499680915      1.958524734852452     0.1510966317466295     0.1508012845009603  5.870734973315832e-07
                    100     -1.721131996228247       1.82885363538967     0.1499999345286329     0.1499999345286329  4.577918205722599e-08
                    100     -1.667447563417476     0.7004955922729632     0.1499999296196888     0.1499999296196888  9.817915732491126e-08
                    100    -0.7915983608660957      1.688060597806668     0.1499999288038412     0.1499999288038412  1.631699658272026e-08
                    100     -1.807171915661784       2.63021624003232     0.1499999192296461     0.1499999192296461   1.91484515394611e-07
                    100     -1.530909967481177      1.892255690925625     0.1510605570661289     0.1516034766119928  1.856253492096306e-06
                    100     -1.479544262944479      1.393064375530085      0.152004688602706      0.154866862618517  1.223292540360502e-05
                    100     -1.452825761164994      2.750028632098829     0.1499998904248005     0.1499998904248005  2.387835661544044e-07
                    100      -1.42095776313005     0.4042811237486035     0.1499998870640656     0.1499998870640656  6.721499939576314e-08
                    100    -0.8786294983451067     0.1167629667206568     0.1558395483025581      0.150010507684331  1.072495871114709e-07
                    100     -1.110673227784493      1.736622896055676     0.1526998511657301     0.1548088262615062  6.283852219161743e-06
                    100     -2.599308373778308      2.362564849814018     0.1499998163957949     0.1499998163957949  9.738825225340171e-08
                    100     -1.568717432851711      2.571183061917959      0.157618157847569     0.1512740019825915  3.515290167673707e-06
                    100    -0.8594406562701011      2.156439008586343     0.1499997514156115     0.1499997514156115  6.736000783614933e-08
                    100     -2.291933998862802      2.366047125944172     0.1499997394649341     0.1499997394649341   2.39016029992431e-07
                    100     -1.984966566667649     -2.885759778304988     0.1499996269086173     0.1499996269086173  1.495097816880473e-08
                    100     -2.127567767864874      2.725676958900932     0.1507411232789537     0.1527363406347121  3.358614311301749e-06
                    100     -2.804230441483786      2.690739971409016     0.1503133130359593     0.1506978361666907  7.938619141326703e-06
                    100     -2.717644602895521     -3.117620569744501     0.1507220883438114     0.1568209152016725  4.541912196189245e-06
                    100     -1.457723951521962    -0.4422211689137727     0.1499993907761842     0.1499993907761842  2.153435203193035e-08
                    100     -2.981232562921423      2.915108352042936     0.1513566945098384     0.1512528354627809  5.327439126098648e-07
                    100     -1.717455867451032     0.1497029754173198     0.1499992276695131     0.1499992276695131  7.218839885535436e-07
                    100    -0.9320603520669195      2.514976282372217     0.1499992242978861     0.1499992242978861  6.743463180031165e-08
                    100     -1.997826686003953      1.725591705110434     0.1499989110518814     0.1499989110518814  1.222619665600529e-07
                    100     -1.916486730258395      2.956821243596055     0.1499988754878276     0.1499988754878276  7.113129873916574e-07
                    100     -2.613459863261165     -2.605851482282183     0.1499988745579148     0.1499988745579148  1.859909213775872e-08
                    100     -1.141909650995214     0.1130717763776312     0.1499988407890366     0.1499988407890366  6.754088059622423e-07
                    100      -2.90361156742241      1.928140017621017     0.1499980377812943     0.1499980377812943  1.669536922910722e-08
                    100     -1.089900206660061      1.116483680681403     0.1499978573986734     0.1499978573986734  3.607959454152959e-06
                    100     -2.402030019931495     -3.046220341572593     0.1499973431992135     0.1499973431992135  1.916943582133619e-07
                    100     -2.079073626135752     0.8321928802029115     0.1499959138797732     0.1499959138797732  5.389245799923441e-07
                    100     -1.565559474129677     0.5196379050928286     0.1499958392695803     0.1499958392695803  1.492451856223453e-06
                    100     -2.555760476860389     -2.830198727690016     0.1499958230112458     0.1499958230112458   3.25221006796828e-07
                    100     -1.999042874725327      1.498656711073108     0.1499958018130101     0.1499958018130101   4.24035887292004e-07
                    100     -2.582400277972625      2.616330391711268     0.1499956812190984     0.1499956812190984  2.412293962646033e-06
                    100      -2.36803817951883      3.049898968166799      0.149995151200494      0.149995151200494  5.785511191001827e-06
                    100     -2.200694975852787      2.524806657896012      0.149994464881889      0.149994464881889  6.805708413314099e-06
                    100    -0.8653446955778401     0.3105997964539551     0.1499944391204008     0.1499944391204008  5.153443401343993e-07
                    100      -1.22090014698929      3.033405979771203     0.1499944337646812     0.1499944337646812  1.071382424780617e-07
                    100     -0.994413915716609    -0.4038776226526815     0.1499944325431883     0.1499944325431883  2.443529940722504e-08
                    100     -2.836263100311817     -2.720497257660601     0.1499943856248719     0.1499943856248719   9.38576942740395e-07
