#! FIELDS time phi psi sigma_phi sigma_psi height
#! SET biasfactor                      10
#! SET epsilon   2.123766579479353e-10
#! SET kernel_cutoff       6.674228004685908
#! SET compression_threshold                       1
#! SET zed     0.01206476063267837
#! SET sum_weights       502.5293613682361
#! SET sum_weights2       2604.455670490262
#! SET min_phi -pi
#! SET max_phi pi
#! SET min_psi -pi
#! SET max_psi pi
                   1000     -2.787525758831329      2.937132410689057    0.08674198280719353     0.0861063530137712      7.021561841668177
                   1000     -1.449260035926373     0.5328974711542711    0.09235439269368367    0.09103414190791714      1.520199705967546
                   1000     -2.202359322686537    -0.1145684300013078    0.09128032898642412    0.09128148697508985   0.002810614993466683
                   1000     -2.265352664652335      1.331470268786206    0.08247934487962881    0.08313066090235408     0.2522626198871192
                   1000     -1.168246659316915      2.558526595568586    0.09422227215800662    0.09350769309718293     0.5832385952059345
                   1000     -1.382591664131505     -3.081411762405498    0.08063523738811491    0.07449709623246062    0.03098904819714594
                   1000     -2.134118368931536      1.999816687068168    0.07975383162535764    0.08717782188890905     0.8333203349906888
                   1000     -2.237001061603768     -2.879451629902855    0.08235314703044251    0.08235314358547183    0.05956858648324314
                   1000     -3.076259928411782      1.999910945194036     0.1499999723169297     0.1499999723169297   5.75315097308832e-08
                   1000     -1.226937283367669      1.484727956062145    0.07184615333077821     0.0719674866419711      5.440539124488089
                   1000    -0.9213875848997564     0.5758295743180071     0.1499990973260682     0.1499990973260682  1.749806614372673e-05
                   1000    -0.8699664836166029      1.913191573727477    0.08275808634494988    0.08297339988535657      0.118057666929309
                   1000     -2.882055073422704    -0.9962927794749193     0.0796535760901073    0.08493403375660159    0.00064553671978984
                   1000     -2.462940941222584      -3.09310487524399     0.0758169385179643    0.07577832168406949      10.53372671224132
                   1000     -1.499514775801715    -0.2104094391762429    0.08914437384430939    0.08730914556119823     0.1264423048415466
                   1000    -0.7506261213784664    -0.5867125426616532     0.0968096483617059    0.09680977051896095  0.0002572861824974772
                   1000      2.855704727342299      2.650101700669591     0.0834377993075254    0.08367658781512492   0.002802666138308803
                   1000     -2.081726044802345     0.8372130606871859    0.07917559830585449    0.07923893141008762    0.07555267742629064
                   1000    -0.7866300647006425    -0.3361488938145878    0.07286018671157032     0.0760250677118562    0.05458941585223765
                   1000      -1.46362006894422      0.299185175767289    0.08009527137347172    0.07544221825725851      7.708785081961572
                   1000     -1.594552997909802     -2.103860963037203     0.1497207834752095     0.1497207834752095  1.982370333301091e-09
                   1000     -1.368160008420992      1.119268859430178    0.08368362821272297    0.08666260263054673      35.54060025810946
                   1000     -2.969818150086985     0.4715174129027531     0.0763541907367747    0.07635092247479398  7.439799583709479e-05
                   1000      3.108201681444096     -0.249041166467872     0.1496877912362426     0.1496877912362426  3.999938697390706e-09
                   1000     -1.394152113205607      2.101510485373973    0.08499377303597157    0.08290719665830318      20.73975414622138
                   1000     -2.704962884928076      1.623821421858063    0.09522950198502285     0.0952304116246679     0.0321610457813189
                   1000     -2.603008288162449      1.764247756726759    0.09377899979825748    0.09347896333648704     0.1110858551756704
                   1000     -2.568121275468141      2.349256712750262    0.07298517755747573    0.07299909712441043      12.78639654372049
                   1000     -2.034227219406873      2.914779088076567    0.09449677275939387    0.09400352081984241      1.579537383215815
                   1000     -1.794853288813411      2.012354196507914     0.0994932342001246     0.0982855104745345      2.067238021711998
                   1000     -2.695005941379951     0.6796156234882859    0.07648557317806749    0.07650477406857284    0.01113386371739281
                   1000     -1.979012593351286     -0.586948789760988    0.09528151551898016    0.09528143167005963   0.001506027526056368
                   1000     -2.211588497833225     -1.224923941037661    0.09359672348674604    0.09359492533880737  2.712945137025007e-05
                   1000      1.237470941044052    -0.2765026576911777     0.1087717857354679    0.09968965544170703     0.5278431866746252
                   1000      1.211614330541224     -3.005497351920309      0.115895508161379     0.1158949393851153  2.480008071113296e-05
                   1000      1.147684796281022     -1.975965626671427     0.1157335075024774     0.1157335142787382    0.01747583781080398
                   1000     0.9957051744925083    -0.8075385673305102    0.08525875230052725    0.08524349087289287     0.6969167368156824
                   1000     0.8012707646008992     -1.263880316671334    0.08429073049966028     0.0821859175659609      0.299503324437682
                   1000     0.6355800167325054    -0.2916971472218248    0.09032393216736323    0.09032397987805947    0.01364811308069174
                   1000      0.699370917817448    -0.7979180107925928    0.08953655006922191    0.08953652351990296    0.09600038283661988
                   1000      1.188333819817879     -1.733619123932036    0.09384880089116904    0.09958169279301095    0.06912487277387898
                   1000     0.9450675075504401     -2.702746734949887    0.07959781510627476    0.08254718941889115  0.0002093294848486976
                   1000      1.501742611570014      2.468896405282611    0.08019368615664717    0.08019544309302967  2.893006561185357e-08
                   1000       1.33662256628818        2.9641857221292    0.08663144279428772    0.08637992788472602  7.242119346164146e-06
                   1000      1.019790629421045      2.528102822370418    0.07406773954988523    0.07351863872030366  5.331053514879571e-07
                   1000    -0.1828782908473026    -0.7951223439506814    0.08902143152099967    0.08908976218100094  3.915968736239933e-06
                   1000     -1.167659506719169    -0.9778925643694922     0.1443345230597744     0.1443345230597744  1.205743056503568e-08
                   1000      1.377464993869491     -0.447425887067336     0.1443345103779898     0.1443345103779898  3.217866096296866e-07
                   1000     0.5213270125222724      1.475299183356092     0.1443345102941499     0.1443345102941499  2.127346612365397e-09
                   1000     0.7274000654953241     0.6950814589836243    0.07694752631982019    0.07564329826434416     0.0177053530081806
                   1000     0.9440352248102356     -0.138285655293542    0.08517242939515564    0.08517236596037907     0.4130526140489152
                   1000     0.9334673826556771     -2.162523463247644    0.08325210946906346    0.08325686590153121   0.007386570179688121
                   1000     -1.114922494835005    0.07602078287061627    0.08172870760565563    0.07552587212506572      1.044477264115809
                   1000    -0.2284867039686548      1.460523571456063    0.08814520416031588    0.08819718895383845  9.493277836305887e-07
                   1000     0.1816672292589102      0.345357802912328    0.08904425855506938    0.08903800100601472  2.343516491204207e-06
                   1000      1.291604972901777      1.086812128594323    0.07974623509920729    0.07816972310531656  1.383899338027724e-07
                   1000      1.293505500919872      0.302712619309137     0.1443133552358899     0.1443133552358899  4.904712743028915e-06
                   1000    -0.7829779767141813    -0.9320089269644422    0.07977110676113744    0.07971524180571664  0.0002768899136528548
                   1000     -1.631002327919445     -1.495049440229582     0.0896423437649307     0.0894424163086314  1.865593362398123e-06
                   1000     -2.252383577812809    -0.3887954071522006    0.07781494216981381    0.07790503094224591   0.002254674411884188
                   1000    -0.6451458425516803      1.231902690403493    0.07664603378483402    0.07947350805635697   0.002046083091841793
                   1000     -2.945562980537518     -1.521439201885776    0.08908522280599634    0.08907897366553805  8.593292864621822e-07
                   1000      -1.72045427724788     -2.571427656017845    0.07940289300141058      0.078230731196108  0.0004116143591661019
                   1000     -2.337656411925374      1.099898182793955    0.08249246917695011    0.08246952117146855     0.3587086815137051
                   1000     -2.336493190167548     -2.157531347165405    0.08298492642259025    0.08303517334017345  0.0005478129655481567
                   1000     -2.041097046928532    -0.1280263422208077    0.08391821112334825    0.08622042209097641     0.0510754308209083
                   1000     -1.238728983241228    -0.4623713537964741    0.08338563102520928    0.08769192162726323    0.04460998036120738
                   1000    -0.1432728750373826     -1.590652130482123     0.1340397862418019     0.1340397862418019  2.513659138830959e-09
                   1000     -2.573894112410729     0.7039199916943739    0.08176623405578916    0.08022010547600124     0.1086304813050469
                   1000     0.9870308435780908      3.096232548238709     0.1340088292590022     0.1340088292590022  1.164972420021453e-06
                   1000     0.7758289272578296     -1.741276126866642    0.08440764761360887    0.08169909551428287    0.01327110691631494
                   1000     -2.062558759555916     -1.955135274002143    0.08455406436116691    0.08463484053940175  0.0001095953613233597
                   1000      2.966747227353209      2.455444247083991     0.1336154103175033     0.1336154103175033  4.144352071601095e-05
                   1000      2.978986521865471      -2.53008139627986     0.1336154097118564     0.1336154097118564  2.554924444753636e-08
                   1000     -1.979569866925325     0.2876800338570125    0.09280832416523578    0.08800416145244994      0.599198166941816
                   1000      1.035972755469422      -1.26457099103278     0.0853235652621615    0.09410194883185163      6.100590900794897
                   1000     0.3689062374728671     0.1888164858202401     0.1335827787135589     0.1335827787135589  5.778142123846438e-07
                   1000     0.5241721752464166    -0.6282270143057183     0.1335823035786926     0.1335823035786926  2.007348774098712e-05
                   1000      1.416259882269366    -0.2038527407785597     0.1335806515895974     0.1335806515895974  6.979899872653024e-05
                   1000      1.080826669576844    -0.5952745914315359    0.09691903429459672      0.100845440875722      1.197581868821224
                   1000     0.2465144200603624     -1.295927954806533    0.07296918742497074    0.07293311094230577  7.768113806081329e-05
                   1000     -2.779770137351402    -0.3184773652431517     0.1313750470728699     0.1313113618709243  8.970437659314096e-05
                   1000      -1.07421929874362     0.3281760092882319    0.07527586822108787    0.07477894821921963      4.355095366275922
                   1000     -1.915835529617359       1.33040176251083    0.08100392794813294    0.08213312907432466      1.601501922914902
                   1000     -2.560319877088156    -0.4348283760497225     0.1302183584278176     0.1302183584278176   0.004013279285666601
                   1000     -1.748440682125219     -1.028408897945978    0.07745938224291311    0.07793341287541729  0.0002245408441473595
                   1000     -1.372687854910693     -1.653138729942842     0.1302183496696789     0.1302183496696789   1.30441533873444e-07
                   1000     -2.432895630538761     -1.484522056686992    0.09652790480849917    0.09652559854838724  0.0001268972515027482
                   1000     -2.643843810501817      2.730197152959741    0.08876222205132024    0.08324877883290206      77.96607904095721
                   1000      -2.00855588320431      0.910206009649052    0.08780924469073327    0.09183313864522072     0.4156416033778597
                   1000     -2.582007976990652     0.1735514128065772    0.07750906362171363    0.07737123471054064   0.008776091275499557
                   1000        0.5847546344002     -1.048088033110581    0.08226151269372911    0.08334842045195225   0.005738085030402649
                   1000     0.8190065764245382    0.01819230617534195     0.1260121297708205     0.1260121297708205     0.0862227002183957
                   1000     -1.751904996717659     0.4815666214305802     0.0854739442250195    0.08936920149572002      2.161820484428165
                   1000     -1.499364743101647      1.428939407951105    0.08451356617365523    0.08302878319503362      25.19637558481843
                   1000      1.180248896158397      2.242125675441117      0.115890126268198      0.115890126268198  3.403620281481156e-08
                   1000     0.7597885814092251      -1.95218091852702     0.1158864156806506     0.1158864156806506  0.0004053261184664267
                   1000     0.8456715023812793     -2.458505473833557    0.08921168447776971    0.08707146153873564  0.0006775808409832856
                   1000      1.344371159859898     -2.546630245030746      0.115885716889144      0.115885716889144  7.524783010410238e-06
                   1000      1.076155867929701     -2.231445188237918     0.1158821000632688     0.1158821000632688  0.0004193591652316053
                   1000       1.21540039711268      2.777757587057223    0.08604815846258287    0.08805465654686426  2.477166126079481e-05
                   1000    0.05276996893030539       1.84523326962379      0.115733490310006      0.115733490310006  4.827826795694515e-09
                   1000     -1.914021579118773       2.67752513947285    0.08062602729411752     0.0837948725275522      6.935168341187526
                   1000    -0.5626037122874981      2.745914496572678     0.1152424754296488     0.1152424754296488  7.113737581089589e-07
                   1000    -0.9894258397151861      2.024518585449864     0.1150673524341155     0.1150673524341155    0.02133745117483522
                   1000     -1.198016637716344      1.936973037504914    0.09870447314202069    0.09886642416954082      5.935208140018929
                   1000     -2.204710792924807      2.683788915720947    0.08834320743142859    0.08672080396815236       11.9691418526743
                   1000     -3.129236242089317    -0.6618422359894511     0.1106234355225571     0.1106234355225571  2.638903803602917e-05
                   1000     -2.099991756745373      3.099998068405198    0.07642165200543283    0.07624781203308575       8.11259686029074
                   1000     -1.894970899622125      2.299552474042715    0.08598614388127292    0.08294828380210312       4.78158728670185
                   1000     -1.450124126198598     -2.925852006682951    0.08489860152129418    0.08502491151096792    0.00289425610973175
                   1000     -2.698315549750038     -1.804364746847471     0.1082208415151857     0.1082208415151857   1.14134083869759e-06
                   1000     -2.981051774203664     -2.292594056642483     0.1082208409471137     0.1082208409471137  1.039121793404999e-07
                   1000     -2.728475522567566       -2.2721036834908    0.07568355081257866    0.07740767485803361   0.001514131325084385
                   1000     -2.009057076901967      -1.03638969626632    0.08065509081154557    0.08379056079812458  0.0001339761497759797
                   1000    0.07626034773616137      1.099651318959608    0.07496825329235467     0.0749872838661617  1.030539968278775e-05
                   1000     0.9007991250476737      1.139495104726009     0.1082207778595237     0.1082207778595237   1.16023081671799e-06
                   1000     0.3513475944649997     0.7857942305653924    0.08586724890479319    0.08589928027223977  0.0001751890583894104
                   1000     -1.321639341455593      1.326305296283237    0.09453860193421212    0.08834271009030628      42.30599052750728
                   1000     -1.815849198019174     0.7381245455607038    0.08551500435138439    0.08779709932160755      1.013958704119131
                   1000     -2.384131935882789   -0.02386760927844185    0.09309519932144254    0.08535466436509655    0.01756759345623307
                   1000    -0.2723269375264712    -0.3632044429630072     0.1042447054628974     0.1042447054628974  3.891378152757596e-08
                   1000     -2.327112010282582     0.4321984502233659    0.09012756195721383    0.09001992091030452    0.09292788178598202
                   1000     -2.897695257876978      1.238794754493198    0.07109291570045964    0.07113565458511165   0.007837810087455261
                   1000     -1.215063542433403      3.031509782022025    0.07041780718460756    0.07041803286154313     0.1330091888047903
                   1000     -1.672879666600238      2.585281052540312    0.08483226567976739    0.08036307002102246      9.600204253491668
                   1000     -1.065731987607523      2.355018688713161     0.0820083100062797    0.08661299863770699      3.528976000595254
                   1000      3.000454494459932       -1.6552117877667     0.1025323887866094     0.1025323887866094  2.815993980663518e-08
                   1000     -2.692326533123903     -1.326135596392002     0.1025323854275111     0.1025323854275111  1.151721607016866e-06
                   1000     -2.322408180850085     -1.821170211593248    0.07931794586496825     0.0793138615348058  0.0002211107645800748
                   1000     -2.537751122921546     -1.301939046729568     0.1025322055749848     0.1025322055749848  3.878835264282867e-05
                   1000    -0.3203743617667886      0.169527933586001    0.07942484072771458    0.07392539002964207  1.089921382789413e-05
                   1000     -1.504772492773324    -0.3887659401777841    0.07736408630472418    0.07734909754982107    0.05271990798169136
                   1000    -0.9597081481874072    -0.3124724773111673    0.07899886356124307    0.08456804378347123     0.2402144221830078
                   1000      -1.21702535263639     -0.168766869800327    0.08981299138141995    0.08434409525989012      1.644494021814161
                   1000    -0.6038843816257714    -0.1916414729661923    0.08285510604592308    0.08076435937611841   0.003287924639259658
                   1000     -1.106602369691848    -0.6855410041632276    0.07564858801886945    0.07686201329652745    0.04659655160726493
                   1000      -2.10510961768944     0.5531124151098621    0.09526629178782953    0.08846983652858081     0.1693200171227488
                   1000     -2.238222699138769      2.044492617005261    0.07277476812297692    0.07371449588488971      3.083509967650183
                   1000     -2.352906101756417      2.314192834976255     0.0752720310118853    0.07583320450630322      39.15710268737962
                   1000     -2.985101341230046      2.762847000428539    0.09158226807156426    0.09483977309080024      2.098592807784598
                   1000      3.105037355021819     -2.708921887470217    0.08767241872776067    0.08839061748905903   7.25076671491043e-05
                   1000     -2.437359438463952      2.238941796515782    0.08773800951424734    0.08084188357994186      24.66107742597323
                   1000     -2.820488422629933     -2.510692848188066    0.08330058584022716    0.08410075261332735   0.003148109121808156
                   1000     -3.089296642119486      3.082998292281149    0.09925041136314505    0.09925041136314505   0.002308828926816889
                   1000     -2.259983226246258     -2.460504045623262    0.08211081909370692    0.08209675034147472  0.0006290319519149221
                   1000     -2.570761414330897     -2.373742286263754    0.09925006570463944    0.09925006570463944   0.000139852232320847
                   1000     -2.908041333429322      2.958893060695645    0.07542656453622143    0.07521362045744082      16.49116152358952
                   1000     -1.971463849562069      1.602593549862494    0.09902820533295484    0.09902820533295484     0.0636135055607529
                   1000     -1.994705375274189     -2.068162698849335    0.09902818860203949    0.09902818860203949   7.55438172646974e-06
                   1000     -2.738109462102913     -3.005118121762836    0.09879628922162581    0.09879628922162581     0.1106674086542977
                   1000      3.115754253871375      2.193931618005982    0.09879562299849548    0.09879562299849548  0.0003052219040141656
                   1000     0.6054446519313794      1.052223468927078     0.0987956151051919     0.0987956151051919  3.615826721501963e-06
                   1000   -0.06206041037867922      1.665935920700577     0.0781914585383779    0.07815844566881933  1.885520841036226e-06
                   1000     -1.462866673570536     0.6782678338370209    0.07940274510138284    0.07713049183572782      17.91848219447913
                   1000     -2.196971964606207    -0.9291298840942502     0.0773192595482587    0.07685667415007215   0.002179504889249705
                   1000    -0.2769081380390039     -1.347276779233733    0.09699724248648213    0.09699724248648213  1.732433003800089e-07
                   1000     -1.681967653512266    -0.8047175532003256     0.0792416373744502    0.07937620077502779   0.001065316352153262
                   1000     0.1945862294876877      1.250549648558255    0.09699722106009888    0.09699722106009888  1.068160588024525e-07
                   1000     0.9528555064734814      1.641737773578408    0.09699722103592535    0.09699722103592535  1.271960454821107e-08
                   1000     0.4665359139216605      0.824864971856651    0.09699715954612423    0.09699715954612423  3.235513544536704e-05
                   1000     0.9116992467472089     0.9172580245285982    0.09699706377086979    0.09699706377086979  5.039632451093916e-05
                   1000      0.645134423596213      0.490315750864147    0.08101952071370401    0.08208192133044635   0.004062889615407759
                   1000     0.3498648963214518       1.41653644914436    0.07880813613603073    0.07757895849348924  5.228524350905909e-06
                   1000     0.6363212874869184      1.884840955366544     0.0969962587404897     0.0969962587404897  1.186604599471491e-08
                   1000     -2.164495165611907     -1.453887105769646    0.07924912459880809    0.07957500555344675  4.302730557043214e-05
                   1000     -2.787395101719149     -1.881511296290735     0.0969961156328569     0.0969961156328569   7.10757200029638e-05
                   1000     -1.659171163453625     0.1065487060787849    0.09680949202315937    0.09680949202315937    0.08564582032625655
                   1000    0.05199115309245168    -0.9242485204869252    0.09072926638411263    0.08977348632238841  3.946404502876733e-05
                   1000    -0.3525591796086309    -0.6919280404070025    0.09680948481350797    0.09680948481350797  5.004157865063501e-07
                   1000      2.003492893921578     -1.249189940947135    0.09680948480462653    0.09680948480462653   4.72871134655643e-09
                   1000    0.02681107641903946    -0.1121281134323353    0.09680948413486322    0.09680948413486322  3.565993204342968e-07
                   1000      1.251191342361395     -0.926938844791477    0.09604753854875016    0.09604753854875016     0.5336797004254313
                   1000     -1.295242505678125     0.2907800118208954    0.08467416144624834     0.0888239374934964      2.786470785625399
                   1000     -1.558558685017549    -0.7699265892986604    0.09556512258980417    0.09556512258980417   0.000433329236958089
                   1000     -2.233536154568809    -0.7299676291963308    0.09528333127297532    0.09528333127297532   0.002083565335811134
                   1000     -2.596404022294517      1.246192335362777     0.0952232433857856     0.0952232433857856   0.002363069241915006
                   1000     -1.164050167056274     0.6224635012480991    0.07598596022763636    0.07706485401764419      34.73440276958924
                   1000     -1.241934794680843      2.875916977517392    0.08165003612582455    0.08378437927034409     0.5695778066602125
                   1000     -2.721108155842592      2.545105396533073    0.07676872513350375     0.0770172120844022       5.59069181103921
                   1000      3.119256703465564      2.454090522152207    0.07091028505575372      0.070905632593561     0.3146423680430317
                   1000     -1.897355281460153     -2.768454057140668      0.092971060797894      0.092971060797894  0.0004944788011485829
                   1000     -1.441650159535882      2.422078744338036    0.09222872569852451    0.09222872569852451     0.8399663788720823
                   1000     -2.657158925815024        2.6337742581777    0.09565992161622359    0.09565992161622359      1.607799563089441
                   1000     -2.333455355770409     -2.786654036623849    0.09565430001469588    0.09565430001469588   0.005706207460214915
                   1000     -2.774449518237921      -1.05816134995705     0.0956542812081721     0.0956542812081721  1.906685432664503e-05
                   1000   -0.01746257722304145    -0.5654746565591182    0.09565428065671837    0.09565428065671837  5.590851247188127e-07
                   1000      -1.68285740861752     -0.328042596388288    0.08555169789786297    0.08384118235375843     0.0527225435334364
                   1000     -1.353733267967404     -2.372174877497566    0.09564924321612682    0.09564924321612682  6.843295381870052e-07
                   1000     -1.780741554587763      3.119526615155543    0.09555439186826821    0.09555439186826821    0.09882552985042792
                   1000        3.1374137428171      2.037241930855057    0.09555163052583586    0.09555163052583586   0.002819512099671835
                   1000      -3.00992521296773      2.539536097214944    0.08076782780354205    0.08029169675779546     0.8248208120306363
                   1000     -2.944369298556944      2.079499460237344    0.09285912614497518    0.09296872607649372     0.0787559052351241
                   1000     -1.073096605121801      2.622049593691922    0.08089434905591993    0.08237667604737667      1.192252751003056
                   1000     -1.800144518954588       1.15518627986071    0.08681519143219456    0.08406974069277634       3.89773381103225
                   1000      -2.61804510909029      3.112914798087702     0.0818998561650577    0.07661014162578569      32.12189947126269
                   1000    -0.7312128146449992     -3.027285281922694    0.09333822390599331    0.09333822390599331   7.89952939892525e-08
                   1000     -1.664733033106283      2.223323642006513    0.09485201020266801    0.08615496908344883      6.740612326484415
                   1000    -0.7425350989861117      2.384181342403103    0.08004479774517602    0.08006077971482412    0.04490323238651993
                   1000     -2.430484570787127     -2.778124425101917    0.09112054119869102    0.09112054119869102    0.07628785352322565
                   1000     -2.469092198523109      3.097309774529041    0.09302409331941942    0.09167711291772525      15.28403853891344
                   1000     -2.667203025735495      2.164599964296834    0.08997705007171405    0.08997705007171405      2.496906844655677
                   1000      2.975190196527634      3.007902202928082    0.07637585998519969    0.07424483062529931    0.01683830238807541
                   1000      3.136857587825928     -2.184003384827018    0.07185915838727017    0.07146693599390863  3.667565087909158e-05
                   1000    -0.5479260639998627      1.585328386023821    0.07854255906831221    0.07889086582395852    0.00107105811108265
                   1000     -2.369445972964138      1.783447935349699     0.0736580502019525    0.07533693967828059     0.5235010689852396
                   1000     -2.292551827095328      1.682848062339001    0.08986460826601594    0.08986460826601594      0.136016420207399
                   1000     -1.303075522614957      1.695800111428923    0.08920075881093334    0.08920075881093334      2.611353955683252
                   1000    -0.7123715893204627       1.60952703476247    0.08920024254052138    0.08920024254052138  0.0009129354141435118
                   1000     -1.833100715718239     -1.675688684423245     0.0892002415943743     0.0892002415943743  1.672789875687862e-06
                   1000     -1.530221202419887    -0.5847519674835491    0.08919876812129021    0.08919876812129021   0.002606736027735172
                   1000     -1.368946134140861  -0.003734272412702744    0.08903877675972589    0.08903877675972589     0.3047925476819758
                   1000     0.5165137249730076    -0.8435242812581234      0.096739573627485      0.096739573627485  0.0007979750951489134
                   1000    -0.1714224899975498    -0.3252574590915809    0.09673957272833739    0.09673957272833739  1.589917138425565e-06
                   1000     -1.496770357290775     -1.883668745549075    0.08527478907683197    0.08478720576387123  3.072671726546712e-06
                   1000     -2.006167112188413     -3.071936001284736    0.09649670191202893    0.09649670191202893     0.4595962265938919
                   1000    -0.1847591485969453     0.8454269772143614    0.08380777787012125    0.08364600079737383  1.308087434817702e-06
                   1000   0.004688465198215752      1.374442873351756    0.09649670163891723    0.09649670163891723  4.767133127643651e-07
                   1000     -1.628507263010351      2.863276084475898    0.09308977920837147     0.0866613165082756      2.466442837417635
                   1000     -1.734605983856572      1.519122444445206    0.08429393366241265    0.09177441597844468      7.385493599210692
                   1000     -0.654372945323157     -1.148497916234691    0.09358298264175909    0.09358298264175909   1.73190108190745e-05
                   1000     -2.556697932850801     -1.701027745614352    0.09358290326963099    0.09358290326963099  0.0001525242809958603
                   1000     -2.294812675460166     -2.028794074373282    0.09358282339131579    0.09358282339131579  0.0001807973033546963
                   1000     -1.725951076698989     -2.418794586456911    0.09358272675901906    0.09358272675901906  0.0002187206901160217
                   1000     -2.777921460284761     -3.102123760451702     0.0931116707022923     0.0931116707022923      1.287831006901969
                   1000    -0.8878044717553477      3.139897495351791    0.09311165060348185    0.09311165060348185  4.701939537145668e-05
                   1000     -1.373648026958161      1.028057152378296    0.08122715012543329    0.07694658733655796      121.1420107401857
                   1000    -0.6909230145408731     0.8629226122017384    0.09230306397808104    0.09230306397808104  7.885290408816223e-05
                   1000     -1.399024108017789      2.659610687334179    0.07871903954716342    0.08320344579201369       8.06093038240539
                   1000     -1.050261013925998      1.529986107159164    0.08864605242826518    0.08713228882079119       2.79569943416519
                   1000    -0.7131840551326571      2.779285107307472    0.09079114520943017    0.09079114520943017  0.0005878217541085425
                   1000     -2.487089425684486      2.977401644332175    0.09008149824767545    0.09008149824767545      4.965020198760377
                   1000      2.970466382419696     0.2857226978529432    0.09007749746876108    0.09007749746876108  1.224264635396109e-08
                   1000     -2.834900001539264     0.1934321649870725    0.09007743432604652    0.09007743432604652  0.0001960322885757731
                   1000     0.3764819419959222     -1.565697275272594    0.09007742609374016    0.09007742609374016   2.55574892030434e-05
                   1000     0.6404901045797935    -0.7105123950192538    0.09007293823249694    0.09007293823249694    0.01395774786765577
                   1000     0.8070195245398182     0.4926549155508635    0.09007215513203788    0.09007215513203788   0.002144840359085171
                   1000      1.228128709294799     0.4385835819054584    0.09007212333334781    0.09007212333334781  9.875584501068974e-05
                   1000      1.283126249944015    -0.8170803683441679    0.08958796865459874    0.08958796865459874      1.991321514637198
                   1000     0.6669185046556132      -1.57368838513636    0.08956714106799189    0.08956714106799189   0.004415731713029045
                   1000      -1.00944306616254    -0.5678878644293629    0.07471099811702689    0.07540356310313333    0.04442086235999126
                   1000     -3.120991960387161     0.5893818766941914    0.08953425928218821    0.08953425928218821  2.693951969483779e-06
                   1000     -1.099872214227417     -3.028894507364107    0.08953276417323151    0.08953276417323151   0.004839083141163166
                   1000     -2.131460268792164      2.396030272257681    0.07540311440874195    0.07525363466640572       6.30337938037415
                   1000     -0.319319474131655      1.846192848859117    0.09101209135637905    0.09101209135637905  7.601074388019183e-06
                   1000    -0.1364295927618504      2.319397617916433    0.09101209135270326    0.09101209135270326  1.346681811140321e-08
                   1000   -0.02152125154918982      1.209867107967768    0.09101209061629523    0.09101209061629523  2.697944191044443e-06
                   1000    -0.7958561901379362     0.1182419180704102    0.09101081255361855    0.09101081255361855   0.004684620077813232
                   1000      -1.82172312191311      0.136201894565164    0.09096537358337581    0.09096537358337581     0.1694084951580303
                   1000     -1.755228735246074      1.847822852792377    0.09043531559776695    0.09043531559776695      2.580038074933672
                   1000    -0.8412483818762565      0.981708076340391    0.07903651988352077    0.07931629383919629     0.1151547640108665
                   1000     0.1069281621840251    -0.2172572197272389    0.08688679236758455    0.08582917963864757  3.556749215348198e-05
                   1000     0.3942738876038359    -0.2844260164976569    0.09032733757426223    0.09032733757426223    0.00024250608808524
                   1000      1.234431235725144     -1.235633165151669    0.08993690449131099    0.08993690449131099      1.816436032596805
                   1000    -0.7477769724241043     0.7580258082632731    0.08993618625946505    0.08993618625946505   0.002849128363769476
                   1000    -0.2239956726947581     0.5724850897853724    0.08961756829776188    0.08961756829776188  3.110993748479913e-08
                   1000    -0.6240768758354358    -0.8723070705546863    0.08961755953648382    0.08961755953648382  3.555271253437285e-05
                   1000     -1.236208795467285      2.409124080062932    0.08932368729610853    0.08932368729610853       1.38140530846528
                   1000       -1.8313288835939      2.952973006445762    0.08703338146135087    0.08490668819294739      4.716143974338451
                   1000     -2.385827691895562     0.5431499255841836    0.08190850198548964    0.08029279081137403     0.1777230886801782
                   1000      3.019284706069989     0.1306900553363644    0.08959955070523556    0.08959955070523556  1.341471543695706e-07
                   1000     -1.446679211776686      2.270846042521069    0.08482128293799536    0.08361610522571326      19.19927435587219
                   1000      1.446790682096333     0.4754477207363283    0.08894358705720368    0.08894358705720368   7.89008963914024e-05
                   1000      1.271706435328702     0.7641791135334035      0.088943586232047      0.088943586232047  4.151883938410791e-06
                   1000      1.009604202931466     0.4789687263518292    0.07686010693893401    0.07695693714639326   0.009659114548817615
                   1000      -2.32059598633302     -1.034769982652265    0.08888008411929994    0.08888008411929994  0.0004048855895922842
                   1000     -1.213345812396665     -1.237863195603505    0.09017393831800168    0.08927054618591806  6.338474408235189e-06
                   1000     -1.531874954158321     -1.193580873435192    0.08888008350539051    0.08888008350539051  2.719146876741829e-06
                   1000    -0.3982206125565675    -0.9679465356666261    0.08061923930239891    0.07742917857980701  3.989055305636699e-05
                   1000    -0.1736510266197447     0.3802400483564765    0.07768417456629254    0.07471072064128388  1.834920569118939e-06
                   1000     -2.314627510018267       1.92818661078215    0.07701945080126539    0.07797125045636752      2.034513229661108
                   1000     -1.616535960098195       0.94169857097381    0.07826191117014202     0.0784799271846859      12.42053055595485
                   1000    -0.1313250713063465     -1.284164414923557    0.08815851350910699    0.08815851350910699  1.264763310252801e-06
                   1000     -1.127566747281685     0.8558801207451506    0.08600698911185051    0.08410504426962301       9.49078615025787
                   1000    -0.1987708034347275      1.084354643025946    0.07785254391170726     0.0806916591076659  6.237557017448169e-06
                   1000     -1.000767850985607      1.149485264989305    0.07929119534627005    0.07915717539103173      3.264811267380766
                   1000     -2.074991285098255      2.491389579377166    0.08743443336718418    0.08743443336718418      3.111803342039214
                   1000     -2.147440515392279       1.25829392413857    0.07822537619386631    0.07747626091988292     0.5475179751594847
                   1000     -2.755214245605663     0.9953647142712581    0.08394402101257326    0.08212843700860144   0.004752326219646574
                   1000     -2.794925239696139      1.915426264567974    0.08662732604610995    0.08662732604610995      0.155500118323124
                   1000     -1.806710585233855     -1.251477476873714    0.07820936853063266    0.07788438303537731  3.520953881985953e-05
                   1000     -1.448697995568506     -1.059608174739895    0.08632558476341708    0.08632558476341708  3.852980464872378e-05
                   1000    -0.8499900279936461    -0.5960378618316506    0.07876963348893425    0.08098476793311013    0.04017947064383474
                   1000    -0.9268942345993549    -0.4556360417477867    0.08631994485725911    0.08631994485725911     0.0273201353493683
                   1000     0.1898005235118596     0.2175975811445454     0.0863199423465337     0.0863199423465337  1.662611927734918e-05
                   1000     -1.554247083008806      1.009416848471706    0.07806667051836337    0.08029783828396231       33.7664337021795
                   1000     -2.714347992372055     -1.517538268361026    0.08605148033005197    0.08605148033005197   9.81917814616378e-05
                   1000     -2.690383845632636    -0.9124867111854957    0.08605145596719915    0.08605145596719915  0.0001646557764377353
                   1000      -2.86431060694162     -1.314317153111401    0.08605145144127531    0.08605145144127531  3.058807850911076e-05
                   1000      -2.87760394964163     -1.210381019098783    0.08605142030624353    0.08605142030624353  0.0002104265781127673
                   1000     0.9402050789278689     -0.476647867256199    0.08157094305867249    0.07878247955149015      2.223942189364333
                   1000     0.9605704872279601     -1.069927773295498     0.0800126398482289    0.07891346563280753      2.608710140888827
                   1000     0.7835386885914302    -0.5815915436478716    0.08579437664692348    0.08579437664692348     0.3465936464613367
                   1000     -2.291693491024061     -2.337921884803468    0.08579433297441229    0.08579433297441229  8.124789240122619e-05
                   1000      -3.07302599394936     -2.592097408141484    0.08579429195581356    0.08579429195581356   0.000216022341695952
                   1000     0.8117336644961277    -0.1558898005647995    0.07808745350254731    0.07831495604949366     0.9220276527349724
                   1000    -0.2580823259350611      2.395470886263143    0.08517131784418962    0.08517131784418962  2.553584378402258e-07
                   1000     -1.774058591259533     0.9489752309497881    0.08498756851169174    0.08498756851169174       1.40138458407736
                   1000     -1.111050226123355     0.4977373180858295    0.08479355491825115    0.08479355491825115      1.666416204786696
                   1000     -1.425549909761332     0.8161949222820619    0.07862807004146141    0.07694327384352949       13.3407365617812
                   1000     -1.368719112235559    -0.8507857797716301    0.08448346210544633    0.08448346210544633  0.0006801794760046062
                   1000     -1.914416070764526     -1.762609744021056    0.08448344366399203    0.08448344366399203  3.256732701347522e-05
                   1000     -2.664040924342887     -1.056516592886673    0.08448337835702185    0.08448337835702185  0.0005096632970361176
                   1000     -1.776772500254984    -0.5145444490480962    0.08321070246850251    0.08417271240106113    0.02789788490317298
                   1000     -2.502208414038333      1.450862176301701    0.08459212875967913    0.08284937161143668     0.1167989781725548
                   1000     -2.177408056057053      1.820252828716996    0.08445382620821777    0.08445382620821777      0.213941781359544
                   1000     0.3637974809866709      1.854666035877617    0.08402213656009166    0.08402213656009166  1.765777366360807e-08
                   1000     -1.502138260442096      1.707572104339054    0.08387056278850007    0.08387056278850007      1.380757240293922
                   1000      -1.16960933519378     0.3562585343207996    0.08369953773770188    0.08369953773770188      1.606066732106346
                   1000    -0.3922685632799348    -0.4313743236182193    0.07906797273457261    0.08191248635462281  0.0003393011292749602
                   1000     0.4493920257270458     0.5183517539594709    0.08330928491045189    0.08330928491045189  0.0008211135216140252
                   1000      1.233530347558509     0.1451295544600103    0.08383569057998402    0.08695065036566466    0.03135485583505066
                   1000     0.9648374748221649     0.3557622284634725    0.08330755096186092    0.08330755096186092   0.009675382735169985
                   1000     0.7114465549901414     0.9791746470170413    0.08330461604726862    0.08330461604726862  0.0001045568506469073
                   1000      1.210733745345355      3.057001131386565    0.08320889173167048    0.08320889173167048   6.77915278006141e-05
                   1000     0.7982296623705274     -2.868669611814437    0.08320888513093404    0.08320888513093404  5.850161022297933e-05
                   1000     0.7149157404869815      -2.23632190275301    0.08320870734765057    0.08320870734765057   0.001575854562189959
                   1000      1.241663713111412     -2.606141703828665    0.08320870009308985    0.08320870009308985  6.429726676142809e-05
                   1000      1.137639925271231      2.423347136229864    0.08320869743347051    0.08320869743347051   3.26570669095151e-07
                   1000     -1.531860982700372     0.3697763058250629    0.08281869573090253    0.08281869573090253      1.342049569147595
                   1000     -1.681251779785371      1.991420359102402    0.08244851528703244    0.08244851528703244      5.785661713080341
                   1000     -1.561326208035367       1.91012000000022    0.08209421629861048    0.08209421629861048      5.594424642615171
                   1000     -1.200382551804693      1.731893871182977    0.08063073149477706    0.08445322035673118      13.93559006064978
                   1000     -2.737691273707787       3.05960613503759     0.0805719820748972    0.07875861180969992      26.97400411985104
                   1000     -1.378598586735417      3.068969687011823    0.08126296073487463    0.08126296073487463    0.01627702932129925
                   1000    -0.6998348000070624       1.77414483822519    0.08126273008405996    0.08126273008405996   0.002473268952829657
                   1000     0.3395924002006839      1.111798729375856    0.08094277417980503    0.07796826522362571  1.509622268173053e-05
                   1000    0.09478842950016819      1.274358338508971    0.08126272842751529    0.08126272842751529  1.532227811135851e-05
                   1000     -2.136428385311317    -0.3152992501800899     0.0769705414694211    0.07846035546764574     0.0126993351873006
                   1000     -1.277899443251804      2.701616419547372    0.08337893524726585    0.08337893524726585      1.214514343993053
                   1000      -2.70621572843388      2.807073537322346    0.08829413751226566    0.08081116954568499      58.44132203929462
                   1000      -2.56696345742548    -0.9066812508570026    0.08366119073253245    0.08366119073253245  0.0007866656931579156
                   1000     -2.783308069321506      1.163139292172215    0.08366103849404045    0.08366103849404045   0.001777001207161032
                   1000    -0.3760951921259696      1.609231127584337    0.08366103304153599    0.08366103304153599  6.363894882365666e-05
                   1000     -2.698641835808447     -2.554178216007181    0.08071890332453022    0.07691930409150316     0.1461797568077248
                   1000     -2.031598711217932     -2.627252988220273    0.08366045275303118    0.08366045275303118  0.0005422978774408488
                   1000     -3.062379459034326     0.4684953800739334    0.07531032921183438    0.07629153868250141  0.0001890884680190339
                   1000    -0.9939595851569174    -0.8949214835829933    0.08348681436396688    0.08348681436396688  0.0006702178877837861
                   1000     -2.318988349029545     0.7703073968393053    0.08348589267120435    0.08348589267120435    0.01090649937465531
                   1000     -2.424051408108399     0.8754404037283233    0.08487602336010802    0.08123559651871158    0.09883474576069001
                   1000      -2.83459788375517  -0.008845255954493309    0.08003226225033315    0.08086910881638694   0.004209892176822214
                   1000    -0.9070545037969859     0.7695024325513646      0.083474653763916      0.083474653763916     0.1086040358151689
                   1000     -0.917798716208345      1.396393824857084    0.08340440249132509    0.08340440249132509     0.8733412011791124
                   1000    -0.7844299577924382      2.131608285769151    0.07804295688198576     0.0818466317649629     0.1152381167940569
                   1000     -2.177610260766476      2.786316245029723    0.08290646400618029    0.08290646400618029      13.32239306555651
                   1000      3.103204996359847     -2.956295967912517    0.08395685438092108    0.08100766119644022   0.004472663611784299
                   1000     -2.398860726211145      1.642315126714588    0.08157200070270078    0.08272813977283383     0.9751483226593674
                   1000     -2.772106538170381     0.3673440711130586    0.07571410225265038    0.07734678748406515   0.005504666763828273
                   1000     -2.927141348570455     0.7761648288758431    0.08288928971097663    0.08288928971097663  0.0002057150031058603
                   1000     -2.116684408620681      2.137462054658732    0.08025651855049631    0.07809133371924452      2.107169103887276
                   1000    0.03397117871630773     0.8168064354278695    0.08236017899815737    0.08236017899815737  2.649245300068399e-06
                   1000      1.119220291555624     -2.113979416521494    0.08235728442872925    0.08235728442872925     0.0377510135176566
                   1000      2.119241468249392     -2.163339038044463    0.08235728442823527    0.08235728442823527  6.533931630774274e-09
                   1000      -1.30034783017418     -2.634687623985396    0.07505277998751757    0.07352170058305046   5.13375988858509e-05
                   1000      -2.82809455796183     -2.401931099834469    0.08235253480655962    0.08235253480655962  0.0004979228512794839
                   1000     -2.099764112878646     -2.379025706516468    0.08235230014616225    0.08235230014616225  0.0001147875513944166
                   1000     -2.451709854092962      -2.94108386129761    0.08226245975995783    0.08226245975995783      1.275851280031164
                   1000     -1.453738917068835   -0.08458429078406393    0.08221769048002431    0.08221769048002431     0.6168547632526158
                   1000    -0.9290558010356627  -0.007075807720475042    0.07615179995981765    0.07625307753231823      0.156185533751976
                   1000     -2.718340700212488       1.24174302517847    0.08221562329457907    0.08221562329457907    0.01023670582898875
                   1000    -0.3813909941964901     0.9814951807651582    0.08220793303350432    0.08220793303350432  6.801774223460037e-06
                   1000    -0.5572511496303498     0.9367496533554087     0.0822078937299037     0.0822078937299037  0.0005257191309502867
                   1000    -0.3405999403686701       2.23777505142677    0.08220789361219583    0.08220789361219583  1.574403049432293e-06
                   1000     -2.441765758723675      2.867285235547282    0.07674376723635062    0.07680189377322076       27.6424952852551
                   1000     -1.846629242448578    -0.8442852175894339    0.07426078842928475    0.07388036240970239   0.002565029656803608
                   1000     -1.525490892243392      1.151476082001268    0.08158562445900645    0.08158562445900645      5.226395708548402
                   1000     -1.406808216014018     0.1393675432361411    0.08081314293520928    0.07912259452017419      2.546322532814655
                   1000     -3.139288604647353 -0.0005305350687363486    0.08153321292802194    0.08153321292802194  4.050154521970731e-06
                   1000    -0.5236925271037527    -0.7725004279793728    0.08153320531742521    0.08153320531742521  0.0001095275293193044
                   1000    -0.5657180260245958    -0.6689278282434795    0.08204591984579497    0.07825612125174704   0.001869836528496873
                   1000     -2.553005843441797     0.3024656203199232    0.08128688231632104    0.08128688231632104   0.007855031201169692
                   1000     -1.079312993168962      3.062960196895206    0.08128319248161762    0.08128319248161762   0.005746277727153738
                   1000     -1.780063396851375      2.514724145535284    0.08211507464482855    0.08155880730010968      7.418141169378545
                   1000     -1.624796103449309     -2.749001928941539    0.08121728210109748    0.08121728210109748  0.0003733104520411175
                   1000     -2.451783405969818     -1.187433701117131     0.0812172144636696     0.0812172144636696  0.0003835371684478956
                   1000     -1.879367678026412     -1.434020873288433    0.08121721421642047    0.08121721421642047  3.649744495750289e-06
                   1000     -2.161129404311938      1.665615011242894    0.08153622908006009    0.08153622908006009     0.2990772849684102
                   1000     -2.508657924808408      1.933747115327139    0.08166633959493914    0.08116106891640895     0.9572820398574204
                   1000     -1.291514719595384     0.5389734392367589    0.07892930388646134    0.07826711670142651      13.39655751848333
                   1000     -2.298372866303727    0.08752858962923238    0.08134470905369044    0.08134470905369044   0.004286290469935057
                   1000     -2.193662317691579     0.1182745930179703    0.08134258097997346    0.08134258097997346     0.0338120450030784
                   1000     -1.858712376352064    -0.2096744132205668    0.08134114172123852    0.08134114172123852    0.02285911792197938
                   1000     -1.734593002366241    -0.1148682801034215    0.07737140329691068    0.08325843332514361     0.3226585836279356
                   1000    -0.8538265118698901    -0.1209610882887789    0.08285835977583901    0.07697698369271093     0.1414141202002917
                   1000      2.877614038289006    -0.2814062063999097    0.08132552469297405    0.08132552469297405  9.264528950268914e-08
                   1000     -2.919248778662625    -0.7474310542223548     0.0823457840074496    0.08148925737666801   0.001470179375214208
                   1000      2.987914743120384    -0.9452220836652456    0.08132543189408843    0.08132543189408843  3.997600442442119e-06
                   1000     -1.723143829191398     -2.858929023922979    0.08132507210504801    0.08132507210504801   0.005716832196905997
                   1000      3.115039248283254      1.635006871830404    0.08132507163173636    0.08132507163173636   7.51874228006764e-06
                   1000      2.922963924975691      1.146370313291756    0.08132507162917142    0.08132507162917142  4.074505902747794e-08
                   1000      -1.38964732422861     0.6162248578594234    0.08103602177420004    0.08103602177420004      6.731698462386401
                   1000      2.828143023200423     -1.398992640202728    0.08103602177341017    0.08103602177341017  1.287872875632787e-08
                   1000     -1.164628659527397     -2.656586422159021    0.08103595416280723    0.08103595416280723   3.04353691958007e-05
                   1000     -2.457191906260654     -2.677331382858741    0.08102612168491104    0.08102612168491104     0.1615915870936259
                   1000     -3.049683085663805     -2.134439681966904    0.07753799481140877    0.07301661107156657  3.069596685516894e-05
                   1000      1.467847543539222     -3.047654506816421    0.08102612019512707    0.08102612019512707  1.888970092640307e-05
                   1000     0.2167262333416442     -2.194405234049437    0.08102612019381959    0.08102612019381959  2.133452780787232e-08
                   1000    -0.1179012624549138   -0.05605485355602385    0.07897820043479579    0.07609697845387395  1.134200096594109e-05
                   1000      3.138301170333982      1.115307964237648    0.08102611908169403    0.08102611908169403   1.61888133227847e-05
                   1000     -2.331966515735853      2.588851738993122    0.08034371508870229    0.08034371508870229      6.192646345363621
                   1000     -1.519961797512975      3.139149474080578    0.08031153605048628    0.08031153605048628    0.05200572581828415
                   1000     -2.609311405005156     -2.863542888499762    0.08028273536475548    0.08028273536475548     0.5127997953073608
                   1000     -2.732515310691829     -2.710075026316385    0.07630501526474195    0.07956084899834448     0.1593862468857233
                   1000      -1.98034972645933      2.819752887743765    0.08002960859691684    0.08002960859691684      6.180197865199995
                   1000     -2.791674079397005      2.676191068200784    0.08505246585925039    0.07949694106059906      102.7060643110926
                   1000     -1.707008178538662      2.699211953580385    0.07597489681468157    0.07554080209568165      8.477095878475081
                   1000     -1.800113308765152     -2.305462760874329    0.07933208359313984    0.07933208359313984  0.0004781571235250207
                   1000     -1.583505593082939      1.634204349876089    0.07608080555043757    0.08281546610744341      8.305140376733736
                   1000     -2.998618628003801      2.454059178172775    0.08009908922638069    0.07768732781827688      1.419477068011841
                   1000     -1.068522886002599      1.248065534318318    0.07867612206864674    0.07867612206864674       2.49770373219385
                   1000     -1.627563221333375      2.968203476024044    0.07853615450155242    0.07853615450155242      3.357372743973915
                   1000     -2.049968723374759      1.825329506400254      0.077337925656906    0.07567537181580336      2.368289792633445
                   1000    -0.7218705068542921     0.2944366328606324    0.07528991498562689    0.07567337806734613    0.03335765710736283
                   1000     -1.039020686019604     0.7776591425906325    0.07835874209790306    0.07835874209790306      4.098610887601727
                   1000     -0.207186282182422     -1.058791478594169    0.07835874156844651    0.07835874156844651  1.097517484476658e-05
                   1000     -2.969064461329145     -1.951911077274191    0.07835873825365937    0.07835873825365937  6.871285481586265e-05
                   1000     -0.784684214474503      1.748685995652833    0.07835652861771109    0.07835652861771109    0.04590475013072771
                   1000    -0.2615704708029747      1.231977771016616    0.07835652852320694    0.07835652852320694  1.959320406389465e-06
                   1000    -0.8946528783093268      2.917839726663871    0.07835636822758803    0.07835636822758803   0.003323880460289021
                   1000     -1.063718673200619     -1.087424445367165    0.07835132774038317    0.07835132774038317  0.0002240602142775998
                   1000      -1.85037969567711    -0.1160044760449153    0.07830659107102174    0.07830659107102174     0.1497643031877733
                   1000     -2.838646464285279     -2.807455928019962    0.07903224283152192    0.07903224283152192     0.0749738584367699
                   1000      3.008372287884506     -1.243832399601266     0.0790322428167874     0.0790322428167874  3.244613218236114e-07
                   1000    -0.9854817427519129     -1.588556508498824    0.07903224281499539    0.07903224281499539  3.946102149790708e-08
                   1000     -2.059107037659583     -1.169210709303351    0.07723495620866364    0.07535736354369131  0.0002569123587272456
                   1000     -3.045464716307152      1.635299804529888     0.0768911601580678    0.07718624203204184   0.001939024101969083
                   1000     -1.333825175926444      2.803518172004297    0.07857027584852823    0.07857027584852823      3.744124246782649
                   1000     -2.595342803660323      1.889626217682819    0.07832514202819739    0.07832514202819739      1.187310408824809
                   1000     -2.656257345180929     0.6102702409325129    0.07831283495192888    0.07831283495192888   0.004504639401425637
                   1000     -1.344399939239121     0.7395191722784036    0.07795243683302745    0.07795243683302745      8.983879772707708
                   1000     -1.387008397869324      1.518037778081361    0.07746680654088807    0.07746680654088807       9.48299658646253
                   1000    -0.4799889428620827      2.216607144369994     0.0774667986301717     0.0774667986301717  0.0002015948528610733
                   1000    -0.3867669386774062      1.951281922943102    0.07727496658752886    0.07727496658752886  2.344642713571231e-05
                   1000     -1.170188345870649     0.9548594550035698    0.07705103143416513    0.07705103143416513      9.459351930626077
                   1000    -0.9513229416109139      1.768701207599964    0.07703141074991045    0.07703141074991045     0.5324352624131227
                   1000     -2.087359426967963      1.318990378326633    0.07756737239975654    0.07751588291638174      1.429093008098956
                   1000     -1.581283125616436      1.296397702735216    0.07275291305666087    0.07274933332233202      23.37738907470383
                   1000     -2.008919697029659      2.333823588103295    0.07626596360498483    0.07458463943538385      12.37983723784886
                   1000      -1.54054562438011     -2.952770863525931    0.07661222474914339    0.07661222474914339     0.0168376046622538
                   1000     -2.048292565035704     -0.658961450962572    0.07648786488522549    0.07679813569252582    0.01085124302573656
                   1000     -2.621394079274181      1.126400538092517    0.07661150003128317    0.07661150003128317     0.0157427651877599
                   1000     -1.588630633762688     0.7503806143357048    0.07645174647666884    0.07645174647666884      5.787906714559734
                   1000      -1.60337251943973      0.228282772636541     0.0768572044184942    0.07882405406063057      2.844122073327335
                   1000     -2.857931077112346      2.134987379696502    0.07631583769592981    0.07631583769592981      0.639061645671087
                   1000      3.084378884467899     -1.538134397459768    0.07614568154928683    0.07611241328650539  2.309770484181118e-06
                   1000     -1.267755833793505     -1.504191126234428    0.07631583764738625    0.07631583764738625   1.05603851380615e-06
                   1000     -1.659182799622053     -1.265656348969386    0.07732457498994275    0.07751786370790503  0.0001356021507610153
                   1000     -2.040400022998929    0.03516014265522351    0.07565036143441833    0.07584074038845563     0.3152573370206647
                   1000     0.1944992775015919     -1.202954513068926    0.07631238964327658    0.07631238964327658  5.582167911168069e-05
                   1000      1.844972980880112     -3.097113843881425    0.07631238964284721    0.07631238964284721   1.21654692894265e-08
                   1000      1.759457081825378     -1.096849505658222    0.07631238959488904    0.07631238959488904  1.358857615791092e-06
                   1000      1.810883168301067     -1.495827418794407    0.07631238959456099    0.07631238959456099  9.294904191707841e-09
                   1000     0.9482337041962392     -1.515615049670801    0.07614623314735058    0.07614623314735058     0.2537725971163244
                   1000      1.126531786425607    -0.2258717466789841    0.07612391110562718    0.07612391110562718     0.6595824937534536
                   1000     0.9412697366879694    -0.9070600174622769    0.07609084665098953    0.07609084665098953     0.9929410834253731
                   1000     -1.074485026184847     -1.544708787256573     0.0760662772246956     0.0760662772246956  6.821657847508983e-07
                   1000     -2.531376098047458      2.596587849816216    0.07367612876384855    0.07858835111914066      34.18103337634315
                   1000     -3.044751497730422      2.630312630054137     0.0758096021283402     0.0758096021283402      2.226884929063573
                   1000     -2.893728715862956      1.898983477243453    0.07580040779874642    0.07580040779874642     0.2320658484162433
                   1000      -2.36743170442241      1.419854949987091    0.07890943817184436    0.07759906274547812     0.9380691929128182
                   1000    -0.8790669646321225      2.125050020757311     0.0756478242856065     0.0756478242856065    0.08548280473232177
                   1000    -0.3114764659771878      1.394488929361166    0.07801214822242113    0.07801214822242113  1.402697292014339e-05
                   1000     -2.647446072746957   -0.09362848816440161    0.07801202754281376    0.07801202754281376   0.002606197775065084
                   1000      1.838271975036322    -0.9813089073819277    0.07801202748138007    0.07801202748138007  1.849529202327836e-06
                   1000     -1.835275750851256     0.8450079003132184    0.07736026432763617    0.07790749013053465      4.465727243696145
                   1000      -2.15442399059139     -3.022874585801204    0.08209026945082896    0.07596842688550677      3.870588439993184
                   1000      -2.96418334289088     -2.536994222782724    0.07786522232309681    0.07786522232309681   0.003467985210305679
                   1000     -2.637818911818223       2.92764600110117    0.07775396969182728    0.07775396969182728      27.46889023108217
                   1000     -2.409550453581688      2.477453182095497    0.07495523408550084    0.08104061503616973      19.89082297649143
                   1000    0.06732961206154364    -0.3559399303958282    0.07756269417353653    0.07756269417353653  4.321354650469017e-05
                   1000     -2.559503866049628      -2.03300622990986    0.07754352361863572    0.07754352361863572  5.608062537205107e-05
                   1000     -2.596526394694587     -2.202433651692758    0.07754351395209205    0.07754351395209205  0.0003115454615963761
                   1000     -1.774734353619891    -0.8777416693129849    0.07754346820361951    0.07754346820361951   0.001440576787879826
                   1000     -0.390922413786142     0.5113054375979154    0.07754346814715526    0.07754346814715526  1.819789824562763e-06
                   1000      1.134039401637799     0.6163786961717134    0.07643861300656377     0.0778314940063598   0.002200133891272266
                   1000     0.3896617607222037     -1.465021165599861    0.07754344998730635    0.07754344998730635  0.0001536453846480521
                   1000       1.12522573123656     -2.750609601666044    0.07754344178212079    0.07754344178212079  9.318502401885836e-05
                   1000     0.7501223340309542     -2.567284080499557    0.07754342191226063    0.07754342191226063  0.0006404017241904718
                   1000      1.818174646123689     -2.341966428466642    0.07754342191190243    0.07754342191190243  1.154429380041403e-08
                   1000      1.856507020499427     -1.588175718903658    0.07754342191050474    0.07754342191050474  4.504660593322666e-08
                   1000      1.759123457753328    -0.5896460811057045    0.07754342187758355    0.07754342187758355  1.061022914918069e-06
                   1000      1.390980631348525     -1.564039361571155    0.07748156319889447    0.07748156319889447   0.005918953049413291
                   1000      1.032628956104379     -1.767696331575166    0.07748004059002504    0.07748004059002504    0.04395669049311826
                   1000     0.8419407374332391      2.906880654776859    0.07748004053753409    0.07748004053753409  1.700219893256884e-06
                   1000      1.044508204033483     -2.552539430933666    0.07767140058830024    0.07498396172842599  0.0007733950291532833
                   1000      1.012691515746747       2.88117945860218    0.07748003484073081    0.07748003484073081  9.768740875067767e-06
                   1000    -0.5643130714672044     -1.400763336033603    0.07748003477852675    0.07748003477852675  2.014834949786149e-06
                   1000     -1.756592081199281      1.350095495237872    0.07737842788730311    0.07737842788730311      3.748944093310739
                   1000     -1.952349374275621      2.509451580544305    0.07405542228753953    0.07438517174072728      10.61218117104571
                   1000     -2.734573137415439      1.528581054252829    0.07727803896558584    0.07727803896558584    0.04994134005208329
                   1000    -0.4308530197827665   -0.04969260723182067     0.0772780372759531     0.0772780372759531  5.564960359835384e-05
                   1000     -2.887732024994075      2.504148527463184    0.07644375353193843     0.0773175029376918      9.910886113400545
                   1000     0.1454497535723078      1.616141474926078    0.07693139789786528    0.07693139789786528   2.66843712428689e-07
                   1000     -1.230179246824079       2.14476533962546    0.07683425604496802    0.07683425604496802      3.820810887675402
                   1000     -1.007659808754793      1.365445958495121     0.0767104941096359     0.0767104941096359       2.46774653230016
                   1000     -1.326467143537271    -0.3964139491604541    0.07670801899250609    0.07670801899250609    0.08716638955068021
                   1000     -2.804039270242451    -0.6192568827167682    0.07668897763983966    0.07668897763983966   0.001391704726574564
                   1000     -1.890408493342294   -0.04052347563916792    0.07668190934370613    0.07668190934370613     0.2506486258297378
                   1000     -2.468025903304671     -2.359505530643238    0.07647424276120536    0.07647424276120536  0.0008949496204918505
                   1000     -2.106838409649073      -2.68657341904886    0.07437367251341871    0.07450963443802887    0.02025181604888246
                   1000     -2.348042171217294     0.1607079536574534    0.07457658198790983    0.07744782576041467    0.05085933213236237
                   1000     -1.356115919126532      2.592424935830577    0.07702164381285319    0.07702164381285319      2.693582105836918
                   1000     -2.111751508473039      2.717602529887588     0.0767945907596312     0.0767945907596312      14.93150273457648
                   1000     -2.229060376071812      3.111029733950263    0.07674920622254644    0.07674920622254644      1.843979976296701
                   1000     -1.181374303810518      2.307098239476881    0.07668413527803188    0.07668413527803188      2.724519326647611
                   1000     -2.880819235857189       2.34072187065001    0.07632220735158873    0.07632220735158873     0.9617099545177711
                   1000     -2.671962608319851      2.287406657316266    0.07541107694644576    0.07708199870029786      3.695374467718796
                   1000    -0.8337110527882148     0.2613955857150945    0.07615337237620275    0.07615337237620275    0.03170787155146834
                   1000     -2.168514589825986   0.008254491365644157    0.07615179456299538    0.07615179456299538    0.06354563780161764
                   1000    -0.2199902278689572      2.237889671051406    0.07615179440314622    0.07615179440314622  6.506607394706088e-06
                   1000    -0.5063004888781397       1.26943981423046    0.07615179130664598    0.07615179130664598  0.0001260424745425624
                   1000      2.956711438945018     -2.873839020496326    0.07615175164632927    0.07615175164632927   0.001614437333347362
                   1000     -2.312050514222038      2.978866083182109    0.07604835707585496    0.07604835707585496      4.915106696089788
                   1000     -1.128066613120796      2.445293779938638    0.07426642427918841    0.07612265600026387      8.538788431784477
                   1000     -2.249494435273681     -1.664396444232543    0.07307679959795857    0.07615538315585059  0.0002648285270254823
                   1000     -1.374260033137238     0.4450017829601922    0.07370367741661486    0.07332284583376715      11.49107489423414
                   1000     -2.632485061158869     0.3943481196592207    0.07531300909952673    0.07300254429292233    0.01626140295041665
                   1000    -0.8101506296880947      2.820931518819016    0.07607205421131816    0.07607205421131816   0.003763737729459832
                   1000      -2.22046980410349      -1.01679703681425     0.0760720346015529     0.0760720346015529  0.0008446310025603282
                   1000     -1.985548744676718      1.987087711843288    0.07605186800475808    0.07605186800475808     0.8792527958715212
                   1000     -2.315927541246222      2.460876465943425    0.07589738120937607    0.07589738120937607      8.632873709850729
                   1000      -1.37268509961771     -2.114647192938491    0.07572654176539247    0.07572654176539247  3.276328270661414e-07
                   1000     -1.984960087071409     -1.481243543613538    0.07572654130006727    0.07572654130006727  2.068986419905237e-05
                   1000    -0.9515036185757633     0.1558495780784384    0.07572311974556933    0.07572311974556933     0.1506795550929482
                   1000      -2.63850482803519     0.9759604860543361    0.07571762403696984    0.07571762403696984     0.0144431181988924
                   1000     -2.117099890115941      1.031538484001125    0.07571121018036868    0.07571121018036868    0.07684809162839155
                   1000     -1.092501078419582      1.143035359058668    0.07290523181237558    0.07869257940497756      12.48266925657067
                   1000     -2.151218438747315     -1.584441929809749    0.07562633651501054    0.07562633651501054  7.040874513271706e-05
                   1000     -2.433769091782485     -2.047683825477952    0.07562632308231879    0.07562632308231879  0.0006023009565031728
                   1000     -2.843161434793709      1.310443449763161    0.07562616240925878    0.07562616240925878   0.007205674846871553
                   1000     -2.534444506279833  -0.004647839767700113    0.07561806958107654    0.07561806958107654    0.01269620315551924
                   1000     -1.498177247770912       1.24982522290275    0.07506345310917577    0.07506345310917577      16.55422352676046
                   1000     -2.225889027748765     0.5184039331114239    0.07505929395595576    0.07505929395595576     0.1997310692988527
                   1000      3.125921526025678     0.5546505493683034    0.07505929346254374    0.07505929346254374    2.3571201652037e-05
                   1000     -1.104854736507237    -0.3450406799330299    0.07505492327502179    0.07505492327502179     0.2099955222677357
                   1000     -1.277904680538798    -0.7800435606620195    0.07499189095854071    0.07499189095854071   0.004945264185628561
                   1000     -1.136753372374022     0.2461081008311266    0.07560050583152077    0.07280497689483673      6.600857133177092
                   1000      1.107451727018655    -0.4948186319013703    0.07492577602542504    0.07492577602542504       1.27641710777974
                   1000     0.8116413640384321      1.529447597290414    0.07492577602459807    0.07492577602459807  3.994320252441739e-08
                   1000      1.078145100506723      1.888889096690379    0.07492577602435097    0.07492577602435097  1.193521986514947e-08
                   1000      1.182547295474972      1.483724400555652    0.07492577602406034    0.07492577602406034  1.403808695819832e-08
                   1000      1.129510309731719     0.2872441020413383    0.07492550157475718    0.07492550157475718    0.01146269713556977
                   1000     0.8319863303670498     0.3769460209426558     0.0749252683312933     0.0749252683312933    0.01126964374995136
                   1000     0.8703637546594756     0.2455532471136372    0.07492447893087668    0.07492447893087668    0.03817078016191853
                   1000      -1.98776588089059     0.5155833956989166    0.07491968094230447    0.07491968094230447     0.2282322110144389
                   1000     -1.896027461282101      2.119233586377683    0.08002370714290562    0.07404308853276367      5.527421759312762
                   1000     0.6706532746830618     0.8836181802480745    0.07487118914134047    0.07487118914134047  0.0002835324720282231
                   1000      1.099260803228891    -0.8460322585680347    0.07481497518771167    0.07481497518771167      1.049096027955388
                   1000    -0.6945891321756381    -0.3766726995561154    0.07481475901864652    0.07481475901864652   0.006002007187201375
                   1000     -1.498632799286372      2.812897791875613    0.07476214615200009    0.07476214615200009      2.273226588014858
                   1000     -0.511156047927825    -0.5461036977893254    0.07476211308136212    0.07476211308136212   0.001439752300557081
                   1000     -1.477036370298508    -0.6667480612410501      0.074762020666511      0.074762020666511    0.00452484193473666
                   1000     -1.194261890960788    -0.6564463891455041    0.07476159300572756    0.07476159300572756    0.02094897793175818
                   1000     -1.607812816705996     0.5363403662597888    0.07472561798089102    0.07472561798089102      1.856875271338693
                   1000    -0.6702367388353713    -0.7000835172243642    0.07894395952122288    0.07221862837541261    0.02048401154958512
                   1000    -0.8277977571651811      2.284115929384899    0.07470238223561984    0.07470238223561984     0.1251735090588811
                   1000     -1.655718907523219     -1.891008417892899    0.07470238216665236    0.07470238216665236  3.493939672902445e-06
                   1000       -2.3221402030879     -0.652885957119576    0.07467820043626892    0.07467820043626892   0.003004452540896894
                   1000      3.133794311202799       2.84349629133781    0.07511966514632552    0.07511966514632552     0.4692165982745162
                   1000     -3.082726405862752     -3.005366600712985    0.07271723147451635    0.07291200026466706    0.05113690732716188
                   1000     -2.657501932714603     -1.917027881618985    0.07511682118901236    0.07511682118901236  0.0001445583700179987
                   1000     -2.543406294409638     -1.474762864259463    0.07511681566562699    0.07511681566562699   0.000291128988801003
                   1000      -2.40829703377242    -0.9353921621096455    0.07511679669123136    0.07511679669123136    0.00100012885200667
                   1000     -2.165481113483182      2.882727108492385    0.07496028658339834    0.07496028658339834      9.661862287822965
                   1000    -0.3571533756806948       2.59096153786132     0.0749602865705444     0.0749602865705444  6.872020448782156e-07
                   1000      1.560113653751275     0.2736668778064342    0.07494159590111288    0.07494159590111288  3.450154546163602e-05
                   1000      1.018986203813004     -3.032170072531598    0.07494142691262223    0.07494142691262223  2.877729520171118e-05
                   1000     -1.773624866516818      1.657889526864746     0.0748916978441251     0.0748916978441251      2.867533842040216
                   1000     -1.512279048953278     0.8145854444724319    0.07346382501712218    0.07402467280553723      38.57260434031365
                   1000      2.790711833890786     0.8153220293769348    0.07420573027310064    0.07420573027310064  8.282000438703681e-09
                   1000     -1.715511882568401     0.2058673882951982     0.0741844073304206     0.0741844073304206       1.27320058822163
                   1000   -0.03672296339177405     0.5207011803538499    0.07418440732337045    0.07418440732337045  4.084279491494881e-07
                   1000      1.697016181302132     -1.439034859590374    0.07418439634517575    0.07418439634517575   4.33333979952707e-06
                   1000      1.053201228423872     -1.583268084954227    0.07447306279666976     0.0769078100627008     0.4605825185853629
                   1000   -0.04078402602669096     -1.433504293078294    0.07418138252592822    0.07418138252592822  1.233476908120384e-06
                   1000     -1.998018514057486      2.590577555291994    0.07402934657223077    0.07402934657223077      5.132251842700684
                   1000     -1.613884343326593      1.717716982499843    0.07377856890216965    0.07377856890216965       6.13978806025739
                   1000    -0.2110980475018098    0.05311517183439207    0.07377698139451515    0.07377698139451515  1.233138263705337e-05
                   1000     -1.239957546005917      1.015473461186387    0.07354155010093998    0.07354155010093998      33.90211841609331
                   1000      2.970530390435262    -0.3267708571396128    0.07342655447760935    0.07342655447760935  7.476876674060972e-07
                   1000      3.043254527629538      3.135529822723998    0.07342648573464668    0.07342648573464668   0.004344486144575252
                   1000      -2.79931793140697     -2.087661708260987    0.07341127026118333    0.07341127026118333  0.0002114666201908637
                   1000     -2.184453889740378      2.310931874007701    0.07322153636878405    0.07322153636878405      3.407596463905292
                   1000     -2.265985290644338      2.528567657893247    0.07550026353566062     0.0719804206112868      27.31434651329508
                   1000     -1.382927330900076      -2.23862901817836     0.0730907210516029     0.0730907210516029  1.842588628888228e-06
                   1000     -2.706043462152627       2.37854882446081    0.07304370935370808    0.07304370935370808      3.335173342046274
                   1000    -0.6229859621536984      1.449433908511252    0.07304365496554276    0.07304365496554276   0.003561214154094718
                   1000     -2.495119457925865      1.283677521319984     0.0730418417129178     0.0730418417129178     0.1165981551569401
                   1000     0.9435149759022661    -0.3272585550739215    0.07299028575450844    0.07299028575450844     0.5747649539713108
                   1000      2.729597042294496    -0.9058264141006922    0.07299028575202081    0.07299028575202081  1.636104421987138e-07
                   1000     -1.962778547414997     -2.249518343047896    0.07295993648538367    0.07295993648538367  0.0001711038425441993
                   1000     -1.959563268746092     -1.670771689962207    0.07295993552876878    0.07295993552876878  6.307733292056252e-05
                   1000     -2.429519446063933    -0.2996595046613528    0.07295988285651675    0.07295988285651675   0.003473395320398445
                   1000    -0.9609431315847266    -0.1148572268946157    0.07295661138487881    0.07295661138487881     0.2168611953588391
                   1000      -1.40701638617958    -0.5295596771027613    0.07295606758927627    0.07295606758927627    0.03589801856055567
                   1000     -1.269931998228763      1.173057681329229    0.07650715304038644    0.07213574883473443      69.58165246255736
                   1000     -0.819763823001272     0.3724709461190763    0.07279611956186033    0.07279611956186033    0.05292689200382935
                   1000     -1.324211120446324    -0.6427709924025209    0.07234621460210663     0.0738821684657549     0.1018423644935303
                   1000      1.050000160741475    -0.9278343953938615    0.07273942553587329    0.07273942553587329      1.521365882725976
                   1000      1.153263320855154     -0.665535532237743    0.07272262177995038    0.07272262177995038      1.168072354333662
                   1000     0.9766771588934224      2.012904772290518    0.07271827032659366    0.07271827032659366  2.537174115906976e-08
                   1000    0.02883723629446796     -1.697361981834246    0.07219658963082996    0.07286809724953212  2.258487157400618e-07
                   1000     -2.787239094324654     0.8093522294554489    0.07271816973935646    0.07271816973935646   0.006807108461155287
                   1000     -2.236754771188628      2.240564639453773    0.07263089047140639    0.07263089047140639      7.128400301402025
                   1000     -2.153511631058248     -3.099189772031807    0.07251228210422582    0.07251228210422582       4.46806003786762
                   1000     -1.430194456468617      1.657865838988229    0.07243196079254588    0.07243196079254588      4.884429680576877
                   1000      2.457341490692428         2.971937293231    0.07229204945111724    0.07229204945111724  2.709417869469921e-08
                   1000      -2.55084591203502      2.097499275226657     0.0722648175259358     0.0722648175259358      2.016625341336827
                   1000    -0.9833935083612473      2.310033025321152    0.07182939108593049    0.07182939108593049      2.339204814153452
                   1000      1.102483961812455      1.676636590037229    0.07180240502858361    0.07180240502858361  3.815280531615352e-08
                   1000      0.011502394105527    0.04949079507821263    0.07180240492425724    0.07180240492425724   7.56455283413752e-06
                   1000      1.224280496577811     0.9894731325724448    0.07180240489407649    0.07180240489407649  2.026505967686805e-06
                   1000     0.4373784088848973     0.9939318631771865    0.07180240413886618    0.07180240413886618   5.57003935412528e-05
                   1000     0.2922909975803307       1.00999380861097    0.07180240331870928    0.07180240331870928  6.049052934615818e-05
                   1000     0.5030360193888104     0.7156719493488843    0.07180239162991869    0.07180239162991869  0.0008621215570520945
                   1000      3.035891736399283     -0.648521184851345    0.07174765432942948    0.07174765432942948  5.113299428404072e-05
                   1000     -2.109100236935151    -0.9763396543974161    0.07174761605392209    0.07174761605392209   0.002836919660621067
                   1000     -2.477270398226955      2.334135432652805    0.07158269221987042    0.07158269221987042       16.5997073907056
                   1000     -1.420584405301323      1.791126050550756    0.07154402017800202    0.07154402017800202       3.15767102710743
                   1000    -0.7983332130599905      1.549343763090135    0.07140475142863965    0.07140475142863965     0.1545925229073038
                   1000     -1.619723646335752     0.8438443072135779    0.07127773739132404    0.07127773739132404      15.42256790246503
                   1000     -2.669569918824307      2.023619944849751    0.07125999266178189    0.07125999266178189      1.432924780316919
                   1000     -1.542713179453462       2.42381315595726    0.07122448732766569    0.07122448732766569      2.987116923814138
                   1000     -1.289763676888329      1.082657588918817    0.07161666753711793    0.07161666753711793      69.80871373184472
                   1000     -1.252793069553333    -0.8567035065485249    0.07161652368760425    0.07161652368760425   0.008951218342818196
                   1000     -1.081516826641669      1.859761330709599    0.07143929599593966    0.07143929599593966       3.20568908046321
                   1000     -2.547004585198606      2.744427643095512    0.07136993139066064    0.07136993139066064      39.42893680303274
                   1000     -1.915603945529188       1.17292467355602    0.07135077592043318    0.07135077592043318      1.676919797797508
                   1000     -1.353690759025218      -2.83948807029753    0.07110961002646418    0.07110961002646418   0.002415354542553381
                   1000      2.582644071679486      2.997284124279146    0.07110960736775547    0.07110960736775547  2.066790781837514e-07
                   1000     -1.638665140022583     -2.893245301523951    0.07110944075541634    0.07110944075541634    0.01441408225452253
                   1000     -2.289692593307032     -0.884419080909427    0.07110940222979505    0.07110940222979505    0.00333218438102839
                   1000      2.862503186617719     -1.948576253674867    0.07110940222959478    0.07110940222959478  1.732033119283029e-08
                   1000     -2.744758893094833    -0.1783605800562249    0.07110937666019115    0.07110937666019115   0.002211518660987514
                   1000     -1.634507686781093     0.4438161847596387     0.0710868425991274     0.0710868425991274      2.040901547091021
                   1000     -2.584753664059173      1.059048564697391    0.07093256846974806    0.07093256846974806    0.02950603979939187
                   1000     -2.779328671658174      2.442111370598847    0.07087669175913035    0.07087669175913035      5.757065325621841
                   1000     -1.187546115182931      1.603544553290961    0.07082435079285883    0.07082435079285883      5.344795837445997
                   1000     -2.980442195859154     -2.797484187150947    0.07065443512833887    0.07065443512833887    0.02306332978554623
                   1000     -0.706122051550969      1.957222019985291    0.07053193075701612    0.07053193075701612    0.03189002612705041
                   1000     -1.176603225491491      1.819007300026174    0.07031785544366838    0.07031785544366838      8.660440672816474
                   1000      -2.47796236543731     0.6118890975378708    0.07031656261982888    0.07031656261982888     0.1120945881750874
                   1000     -2.605037189673806      1.491261954104477    0.07031554874556077    0.07031554874556077    0.09735545432954423
                   1000     -1.707588539232562      1.144296886261538    0.07027825988944002    0.07027825988944002      3.742859124232642
                   1000      1.039053320543427      1.455461690196394    0.07027825988871728    0.07027825988871728  6.949639365973911e-08
                   1000     0.6811553779601391      1.312987573609524    0.07027825988155127    0.07027825988155127  6.890605741400352e-07
                   1000     0.8558131326455207       1.03403915572664    0.07027825879025341    0.07027825879025341   0.000104935909109814
                   1000      1.620712722267503      2.766556792174914    0.07027825878998568    0.07027825878998568  2.574413051722261e-08
                   1000     0.9570648386159357      1.809678273275656    0.07027825878953095    0.07027825878953095  4.372529828086507e-08
                   1000      -2.18196545357497     0.6840215110154606    0.07027728953871872    0.07027728953871872    0.08168361237370159
                   1000     -1.272409706455803    0.03705307641069933    0.07027025671851042    0.07027025671851042     0.6864702735543665
                   1000     -1.125862194928452      1.475506616825457      0.069990140191886      0.069990140191886      4.550213851074285
