#time deltaF
20 12.1243385254
40 13.9917812766
60 3.68280681004
80 -0.219258754364
100 8.36607122217
120 13.429977729
140 16.5757668963
160 17.611876433
180 19.3559500315
200 6.07333578403
220 10.1707008929
240 6.23886383742
260 9.24518449846
280 5.44800878513
300 8.74112123464
320 9.68561043458
340 9.29402204374
360 10.5171084879
380 8.01924549919
400 5.26892270687
420 8.41063753133
440 9.55676362843
460 8.9139305413
480 8.60369502563
500 12.9729818738
520 14.7558546387
540 14.4263591027
560 9.65332886072
580 10.8501480387
600 10.8930233222
620 11.2557694796
640 9.28030603712
660 8.12162346893
680 8.60105913715
700 9.11705068876
720 9.67234561647
740 10.6017575573
760 11.682091
780 11.9658905866
800 10.1264392638
820 10.6577774387
840 11.0007375615
860 9.99913258548
880 10.8985051221
900 10.020963923
920 9.97791201426
940 10.3427529151
960 11.134934054
980 11.4643657393
1000 12.4377503292
1020 13.1360855498
1040 12.6055604371
1060 12.8995185129
1080 12.6634556414
1100 12.7792943209
1120 9.65263193255
1140 9.75484848545
1160 8.74535196223
1180 8.7238188903
1200 8.79526138517
1220 9.21844348544
1240 10.3381859454
1260 9.78787581392
1280 10.4156796589
1300 11.0570535228
1320 9.14291112255
1340 9.28399890543
1360 9.74166211668
1380 10.0832440178
1400 8.91478873636
1420 9.30254459823
1440 9.82833189143
1460 11.1760697413
1480 10.434372536
1500 10.7054194379
1520 11.0308156362
1540 8.83216655051
1560 9.52563761811
1580 9.90051280995
1600 10.0862741366
1620 10.7234377797
1640 10.5637503421
1660 10.7487465918
1680 11.417607895
1700 11.7907111884
1720 12.0504150039
1740 12.1732378603
1760 12.4401804991
1780 12.6715020155
1800 12.8465425205
1820 12.7884135723
1840 12.0360214065
1860 10.8954925679
1880 10.1149613306
1900 8.98461550025
1920 9.52762689058
1940 8.68644565922
1960 9.19462984767
1980 9.39463623301
2000 9.64060166805
2020 9.713893353
2040 8.9484732801
2060 9.2264834182
2080 8.75848311211
2100 9.05610861744
2120 8.80565578375
2140 8.87374517224
2160 9.36530144252
2180 9.82746081388
2200 9.74210149917
2220 10.103909185
2240 10.5576870928
2260 10.7419054607
2280 10.8403590917
2300 11.5064084861
2320 11.1268861628
2340 11.3083840558
2360 11.5567573617
2380 11.7676446217
2400 12.1684352317
2420 12.3035569879
2440 11.9674903715
2460 11.4017867417
2480 11.9032152684
2500 12.3776828614
2520 12.5057509351
2540 11.090608043
2560 10.426599069
2580 10.6989621093
2600 9.88643961248
2620 9.95883603764
2640 10.222721495
2660 10.5964813042
2680 11.375583736
2700 11.3535027825
2720 11.5222287905
2740 11.451966466
2760 11.754978609
2780 11.9875796794
2800 12.0428975935
2820 11.8940275648
2840 11.9566000276
2860 11.6679028135
2880 11.8032575702
2900 12.0571057059
2920 12.3291097209
2940 12.530598973
2960 12.4588068814
2980 11.8054566323
3000 11.8485823887
3020 11.9248502364
3040 11.5515183735
3060 11.0688979425
3080 10.1194195512
3100 10.3306895388
3120 10.7656585759
3140 11.0134406502
3160 11.1188422535
3180 11.3610369964
3200 11.4465464863
3220 10.4313872863
3240 10.4676373277
3260 10.5306403804
3280 10.5395060884
3300 10.3592508273
3320 10.4520796779
3340 9.72040099063
3360 9.82946504817
3380 9.78016595099
3400 9.38044363311
3420 9.48770257465
3440 9.37631911165
3460 9.45375978896
3480 9.56653315506
3500 9.02918732554
3520 8.99810246773
3540 8.95924992254
3560 8.99268548778
3580 8.83144310018
3600 8.8708723436
3620 8.62240304512
3640 8.6201328445
3660 8.69739636182
3680 8.91891426072
3700 9.07219334865
3720 8.99342268332
3740 9.32519276957
3760 9.2916754878
3780 9.47081569774
3800 9.40016343911
3820 9.32636665874
3840 9.46651179359
3860 9.53261524843
3880 9.48493532131
3900 9.27117650244
3920 9.27826285027
3940 9.47585948651
3960 9.80131146295
3980 9.99954120044
4000 10.1555575294
4020 10.2492068928
4040 10.2211871274
4060 9.49535410516
4080 9.69431084687
4100 9.87353905061
4120 10.050608961
4140 10.1713811063
4160 10.2582605196
4180 10.1189037464
4200 10.2904862399
4220 10.4270291852
4240 10.1849228622
4260 10.2083612978
4280 10.0427369074
4300 10.0280796719
4320 10.1450969127
4340 9.86218617953
4360 9.84024701389
4380 10.0283623602
4400 10.0668307396
4420 9.79220373608
4440 9.84791211237
4460 9.77713131711
4480 9.74913152665
4500 9.39152778499
4520 8.97486156347
4540 9.31995382955
4560 9.1630049756
4580 8.67154117255
4600 8.90268861145
4620 9.2108673871
4640 9.37721888514
4660 9.49591877144
4680 9.45128355864
4700 9.33719173103
4720 9.58728896483
4740 9.72352575607
4760 9.45454680592
4780 9.49653588092
4800 9.52577853741
4820 9.26236539784
4840 8.86672873503
4860 8.88467614374
4880 8.95976872854
4900 9.02425954332
4920 9.00181786064
4940 8.65952746608
4960 8.67059553748
4980 8.8147965929
5000 8.95698279491
5020 8.95964910465
5040 8.73379199823
5060 8.79733192395
5080 8.92584326337
5100 9.02490248242
5120 9.03575784546
5140 9.19903295787
5160 9.26323430138
5180 9.17199499313
5200 9.21320018123
5220 9.36403651621
5240 9.43004219742
5260 9.32586110055
5280 9.47804715875
5300 9.48855960691
5320 9.27591603034
5340 9.36732996551
5360 9.36373662204
5380 9.29296644293
5400 9.3547441514
5420 9.38965706118
5440 9.45933297882
5460 9.6406230471
5480 9.74242997943
5500 9.63781586203
5520 9.24028668927
5540 9.17513298465
5560 9.35964206946
5580 9.51911259247
5600 9.49380826755
5620 9.63040870092
5640 9.30784652424
5660 8.81015816257
5680 8.84845405248
5700 8.91751108652
5720 9.11575631664
5740 9.24725352343
5760 9.155063216
5780 9.35370619238
5800 9.42718614219
5820 9.584316701
5840 9.35585802048
5860 9.36964576645
5880 9.19151951188
5900 8.88858414524
5920 9.04258326241
5940 9.05444360497
5960 9.0175952842
5980 8.77605675065
6000 9.00412023881
6020 8.93214385022
6040 8.8429436696
6060 8.63350560706
6080 8.87638841333
6100 8.59434445978
6120 8.6659328942
6140 8.6748518374
6160 8.88795976271
6180 9.0030375343
6200 8.97421554654
6220 9.07095377153
6240 9.06036262834
6260 9.11065788244
6280 9.18344268574
6300 8.82606563874
6320 8.85123080531
6340 8.94567381319
6360 8.99661543888
6380 9.12730976171
6400 9.01144938293
6420 9.13616260532
6440 9.02142727047
6460 9.12103525901
6480 9.20207542406
6500 9.23668600677
6520 8.81308508225
6540 8.88447019844
6560 8.92551942137
6580 8.98991709254
6600 9.12631761182
6620 9.21468212312
6640 9.26471340468
6660 9.35421639472
6680 9.48938604111
6700 9.69541707614
6720 9.78828262978
6740 9.50756902786
6760 9.53961053902
6780 9.58745392539
6800 9.47743512996
6820 9.60012001223
6840 9.85270906131
6860 10.0553167686
6880 10.0680993209
6900 9.9603705897
6920 9.97514252114
6940 10.0107152808
6960 10.0897013363
6980 10.0999484349
7000 10.1620638434
7020 10.3044809579
7040 10.3758973683
7060 10.4435916629
7080 10.6272771311
7100 10.2201636374
7120 10.2408780554
7140 10.2471759325
7160 10.2302081053
7180 10.1235118445
7200 10.2112722313
7220 10.2437278294
7240 10.3001211429
7260 10.3358261686
7280 10.3562077497
7300 10.4186259185
7320 10.5413770317
7340 10.1899449934
7360 9.86165874093
7380 9.92931713206
7400 10.0578560804
7420 10.1795018631
7440 10.2852028967
7460 10.4367986276
7480 10.4304650874
7500 10.5103495468
7520 10.5542751839
7540 10.6273459359
7560 10.3277160846
7580 10.1197991684
7600 10.1851662768
7620 10.1674087369
7640 10.2771184276
7660 10.1087987939
7680 10.2563836285
7700 10.1141437156
7720 10.1688360856
7740 10.2426138521
7760 10.2854133061
7780 10.2386018775
7800 10.3006154273
7820 10.2182085006
7840 10.2572050557
7860 10.3839482843
7880 10.392545278
7900 10.4343362518
7920 10.1323369602
7940 10.0900137683
7960 10.2073157341
7980 10.1904239901
8000 10.2508202645
8020 10.1728782953
8040 10.1796492438
8060 10.2663924004
8080 10.2104613394
8100 9.71397461638
8120 9.3698707688
8140 9.47459582478
8160 9.49480063929
8180 9.60040259453
8200 9.66426506971
8220 9.55147449294
8240 9.54659875639
8260 9.54384895997
8280 9.67684008125
8300 9.78192932674
8320 9.841159355
8340 9.85838407988
8360 9.88723671707
8380 9.8463071511
8400 9.71564234614
8420 9.64848510556
8440 9.68445677992
8460 9.7278632292
8480 9.83624306012
8500 9.95528457649
8520 9.98577514642
8540 10.0348432464
8560 10.08345936
8580 10.1533935482
8600 10.2078408389
8620 10.2209997503
8640 10.2980519729
8660 10.3517358824
8680 10.331835597
8700 10.3803065035
8720 10.3524122722
8740 10.3446295279
8760 10.2420012602
8780 10.0560807787
8800 10.0324821635
8820 10.0752263331
8840 10.0516551802
8860 10.101854354
8880 10.0009469539
8900 9.96741950553
8920 9.8940255754
8940 9.98273556885
8960 10.0357312713
8980 9.90246869184
9000 10.0302030009
9020 10.12631408
9040 10.2406348672
9060 10.2808107814
9080 10.4329565499
9100 10.52392197
9120 10.5747248753
9140 10.606189659
9160 10.6779744114
9180 10.7375960834
