#time deltaF
10 1.98799
20 2.80295
30 3.76007
40 4.82876
50 6.20718
60 6.93434
70 8.17811
80 9.43326
90 10.5401
100 11.3844
110 12.1848
120 13.0014
130 13.7472
140 14.5911
150 15.4307
160 15.9577
170 16.6489
180 17.2234
190 17.656
200 17.9785
210 18.6279
220 19.2724
230 20.1384
240 20.5869
250 20.8889
260 21.2337
270 21.8246
280 22.1343
290 22.935
300 23.6402
310 23.9688
320 24.5061
330 24.8752
340 25.3698
350 25.6809
360 26.0101
370 26.3436
380 26.6714
390 27.007
400 27.2434
410 27.3857
420 27.6023
430 27.7407
440 26.4089
450 24.4606
460 22.7224
470 20.2965
480 18.2219
490 16.0761
500 14.0934
510 12.2947
520 11.3709
530 11.5712
540 11.9248
550 11.6384
560 9.81317
570 8.64267
580 7.71726
590 6.26521
600 5.53691
610 5.15382
620 4.88277
630 5.37024
640 5.76631
650 6.12698
660 6.29809
670 6.71388
680 6.99071
690 7.39526
700 7.61112
710 7.91611
720 8.17033
730 8.4309
740 8.70138
750 8.89644
760 9.13964
770 9.47009
780 9.6433
790 9.83589
800 10.0328
810 10.2885
820 10.4339
830 10.751
840 10.9674
850 11.2135
860 11.4372
870 11.8514
880 11.5872
890 11.9253
900 12.1527
910 12.468
920 12.7634
930 12.9593
940 13.0358
950 12.5407
960 11.942
970 12.1857
980 12.4127
990 12.6231
1000 12.8815
1010 13.1177
1020 13.0932
1030 12.44
1040 12.3549
1050 12.2494
1060 12.4801
1070 12.6643
1080 12.8133
1090 12.9361
1100 13.2019
1110 12.6341
1120 11.2321
1130 10.5331
1140 9.70825
1150 9.15974
1160 8.89882
1170 9.20316
1180 9.36867
1190 9.57824
1200 9.69905
1210 9.87597
1220 10.0303
1230 10.2001
1240 10.2414
1250 10.3096
1260 10.3531
1270 10.0832
1280 9.512
1290 8.58256
1300 7.94138
1310 7.92613
1320 8.185
1330 8.40634
1340 8.63899
1350 8.7277
1360 8.82448
1370 9.05974
1380 9.20549
1390 9.06676
1400 9.24868
1410 9.38186
1420 9.43981
1430 9.46884
1440 9.47257
1450 9.59797
1460 9.08485
1470 8.36199
1480 7.92377
1490 7.14543
1500 6.8203
1510 6.92634
1520 6.82098
1530 6.97269
1540 7.20589
1550 7.37385
1560 7.20446
1570 7.33781
1580 7.21408
1590 7.41156
1600 7.51766
1610 7.644
1620 7.30182
1630 6.88162
1640 7.05602
1650 7.19128
1660 7.28846
1670 7.24063
1680 7.38031
1690 7.44198
1700 7.48834
1710 7.63346
1720 7.72421
1730 7.89858
1740 8.06495
1750 8.2257
1760 8.32495
1770 8.52525
1780 8.60244
1790 8.64667
1800 8.62576
1810 8.2948
1820 8.42608
1830 8.4252
1840 8.36339
1850 7.98327
1860 7.77989
1870 7.63798
1880 7.75548
1890 7.85287
1900 7.92809
1910 7.75063
1920 7.47183
1930 7.69708
1940 7.88376
1950 8.05532
1960 8.17058
1970 8.28313
1980 8.27706
1990 7.86885
2000 7.90753
2010 7.95393
2020 8.05595
2030 7.51583
2040 7.62695
2050 7.71955
2060 7.94482
2070 8.00998
2080 8.14829
2090 7.93313
2100 8.07957
2110 8.22494
2120 8.42329
2130 8.64642
2140 8.76127
2150 8.88849
2160 8.93053
2170 8.652
2180 8.2308
2190 8.19855
2200 8.10907
2210 8.26211
2220 8.37943
2230 8.50121
2240 8.57353
2250 8.67198
2260 8.49637
2270 8.15891
2280 8.13613
2290 8.17793
2300 8.23317
2310 8.29881
2320 8.30313
2330 8.3267
2340 8.43267
2350 8.55022
2360 8.68334
2370 8.95455
2380 9.072
2390 9.09212
2400 9.16651
2410 9.20826
2420 9.21767
2430 9.32451
2440 9.37567
2450 9.36703
2460 9.24647
2470 9.34082
2480 9.36771
2490 9.48701
2500 9.54889
2510 9.7016
2520 9.82833
2530 9.94965
2540 9.99215
2550 10.06
2560 9.97171
2570 10.1043
2580 9.96974
2590 10.015
2600 10.1968
2610 10.032
2620 9.51968
2630 9.29181
2640 9.36401
2650 9.01178
2660 8.5038
2670 8.47638
2680 8.44538
2690 8.56962
2700 8.66641
2710 8.73908
2720 8.55502
2730 8.4144
2740 8.45368
2750 8.56899
2760 8.51023
2770 8.61595
2780 8.15339
2790 8.06973
2800 8.15442
2810 8.22031
2820 8.3453
2830 8.55685
2840 8.58427
2850 8.28667
2860 8.38869
2870 8.51929
2880 8.58612
2890 8.7031
2900 8.78079
2910 8.61866
2920 8.72278
2930 8.81288
2940 8.89284
2950 8.76081
2960 8.363
2970 8.21607
2980 8.2796
2990 8.36558
3000 8.51397
3010 8.62902
3020 8.44351
3030 8.13502
3040 8.18363
3050 7.94345
3060 8.10508
3070 8.17467
3080 8.28304
3090 8.32241
3100 8.26873
3110 8.31502
3120 8.41647
3130 8.30355
3140 8.39706
3150 8.47869
3160 8.57545
3170 8.6583
3180 8.74992
3190 8.62292
3200 8.59967
3210 8.5411
3220 8.63118
3230 8.69549
3240 8.817
3250 8.86018
3260 8.86543
3270 8.99297
3280 9.17025
3290 9.27895
3300 9.37988
3310 9.42873
3320 9.47903
3330 9.24627
3340 8.97782
3350 8.80298
3360 8.75953
3370 8.65648
3380 8.70031
3390 8.79064
3400 8.89627
3410 8.93391
3420 8.92355
3430 8.94623
3440 9.01626
3450 9.01539
3460 8.77412
3470 8.90556
3480 8.93847
3490 8.77549
3500 8.47377
3510 8.28769
3520 8.23979
3530 8.28727
3540 8.31909
3550 8.36393
3560 8.2613
3570 8.23949
3580 8.29978
3590 8.1815
3600 8.21119
3610 8.29021
3620 8.35369
3630 8.31992
3640 8.35293
3650 8.33312
3660 8.38134
3670 8.44789
3680 8.48293
3690 8.53274
3700 8.63261
3710 8.57719
3720 8.61198
3730 8.41853
3740 8.22612
3750 8.2794
3760 8.37066
3770 8.48726
3780 8.43485
3790 8.57472
3800 8.62388
3810 8.62195
3820 8.5823
3830 8.70226
3840 8.79399
3850 8.88767
3860 8.99794
3870 8.93049
3880 8.79565
3890 8.82145
3900 8.89106
3910 8.96375
3920 8.98572
3930 9.02442
3940 8.86661
3950 8.82182
3960 8.85145
3970 8.90798
3980 8.90793
3990 8.98366
4000 9.06282
4010 9.14302
4020 9.20902
4030 9.27588
4040 9.05196
4050 9.11285
4060 9.1809
4070 9.29902
4080 9.39219
4090 9.4643
4100 9.51901
4110 9.50594
4120 9.48845
4130 9.59365
4140 9.61427
4150 9.72722
4160 9.75754
4170 9.86215
4180 9.97794
4190 10.0211
4200 10.0856
4210 10.1435
4220 10.2198
4230 10.1907
4240 10.1879
4250 10.2617
4260 10.2937
4270 10.4007
4280 10.2738
4290 10.381
4300 10.454
4310 10.4141
4320 10.4512
4330 10.4421
4340 10.46
4350 10.4805
4360 10.5082
4370 10.4965
4380 10.5547
4390 10.6549
4400 10.7384
4410 10.4298
4420 10.4932
4430 10.5568
4440 10.518
4450 10.4438
4460 10.4527
4470 10.3073
4480 10.3305
4490 10.3744
4500 10.193
4510 10.0448
4520 9.97656
4530 9.82901
4540 9.74353
4550 9.80324
4560 9.77323
4570 9.5785
4580 9.4002
4590 9.02119
4600 8.92226
4610 8.98071
4620 9.02946
4630 8.95713
4640 9.02265
4650 9.06273
4660 8.92644
4670 8.96643
4680 9.03211
4690 9.0768
4700 9.16919
4710 9.25663
4720 9.28179
4730 9.35172
4740 9.34335
4750 9.38453
4760 9.45607
4770 9.54916
4780 9.59867
4790 9.58567
4800 9.6629
4810 9.65957
4820 9.53115
4830 9.47523
4840 9.47801
4850 9.38181
4860 9.38957
4870 9.25982
4880 9.23071
4890 9.27791
4900 9.35255
4910 9.39977
4920 9.32125
4930 9.3173
4940 9.29526
4950 9.26313
4960 9.33026
4970 9.32388
4980 9.37732
4990 9.45111
5000 9.57634
5010 9.622
5020 9.66714
5030 9.7638
5040 9.85664
5050 9.85966
5060 9.89594
5070 9.93486
5080 9.73759
5090 9.62089
5100 9.58552
5110 9.63585
5120 9.50424
5130 9.4505
5140 9.51387
5150 9.47479
5160 9.46796
5170 9.46999
5180 9.55371
5190 9.62902
5200 9.57349
5210 9.53042
5220 9.31892
5230 9.16618
5240 9.0837
5250 9.03333
5260 8.95595
5270 8.96948
5280 9.0378
5290 9.00694
5300 8.91664
5310 8.94998
5320 9.00049
5330 8.93372
5340 8.75925
5350 8.84271
5360 8.9449
5370 9.00885
5380 9.07556
5390 9.08821
5400 9.17072
5410 9.25996
5420 9.34229
5430 9.3669
5440 9.4387
5450 9.49114
5460 9.51705
5470 9.53963
5480 9.55069
5490 9.61973
5500 9.53485
5510 9.38556
5520 9.36517
5530 9.4544
5540 9.46966
5550 9.50985
5560 9.52074
5570 9.49892
5580 9.51254
5590 9.59401
5600 9.67931
5610 9.70411
5620 9.76922
5630 9.84478
5640 9.86532
5650 9.85948
5660 9.86806
5670 9.91261
5680 9.96862
5690 10.0442
5700 10.0293
5710 9.99873
5720 10.0522
5730 10.099
5740 10.1801
5750 10.2388
5760 10.3064
5770 10.3779
5780 10.4057
5790 10.3578
5800 10.1302
5810 10.022
5820 9.98679
5830 9.91897
5840 9.90815
5850 9.95785
5860 10.0123
5870 10.0958
5880 10.0022
5890 9.9831
5900 9.99726
5910 9.99904
5920 10.0411
5930 10.128
5940 10.0475
5950 10.0769
5960 9.95799
5970 10.0032
5980 10.0204
5990 10.0383
6000 9.7305
6010 9.55894
6020 9.35111
6030 9.38194
6040 9.42737
6050 9.48413
6060 9.51606
6070 9.48668
6080 9.49955
6090 9.45502
6100 9.48305
6110 9.50592
6120 9.57374
6130 9.59043
6140 9.41155
6150 9.46662
6160 9.51467
6170 9.5056
6180 9.41432
6190 9.4582
6200 9.54861
6210 9.63466
6220 9.67734
6230 9.72561
6240 9.7578
6250 9.78194
6260 9.82068
6270 9.85923
6280 9.84386
6290 9.6792
6300 9.63233
6310 9.43833
6320 9.46445
6330 9.51525
6340 9.49438
6350 9.55747
6360 9.62654
6370 9.63652
6380 9.66469
6390 9.66651
6400 9.60634
6410 9.63338
6420 9.69828
6430 9.71855
6440 9.75052
6450 9.76615
6460 9.72999
6470 9.74548
6480 9.75866
6490 9.69344
6500 9.57306
6510 9.38548
6520 9.38738
6530 9.40988
6540 9.45433
6550 9.47742
6560 9.40968
6570 9.3543
6580 9.35848
6590 9.14646
6600 9.19196
6610 9.29056
6620 9.3468
6630 9.40456
6640 9.46341
6650 9.53584
6660 9.384
6670 9.40263
6680 9.42879
6690 9.4381
6700 9.46377
6710 9.49974
6720 9.51708
6730 9.39479
6740 9.48059
6750 9.55219
6760 9.5673
6770 9.6046
6780 9.60451
6790 9.60871
6800 9.41045
6810 9.29851
6820 9.36473
6830 9.40799
6840 9.42388
6850 9.4724
6860 9.46674
6870 9.55311
6880 9.59059
6890 9.46943
6900 9.44051
6910 9.47507
6920 9.48629
6930 9.53448
6940 9.54971
6950 9.59426
6960 9.62943
6970 9.55824
6980 9.58855
6990 9.64357
7000 9.69929
7010 9.739
7020 9.75949
7030 9.81038
7040 9.8233
7050 9.83067
7060 9.86394
7070 9.91255
7080 9.79622
7090 9.67124
7100 9.69256
7110 9.66643
7120 9.6196
7130 9.68148
7140 9.68061
7150 9.72739
7160 9.78039
7170 9.77727
7180 9.7848
7190 9.59813
7200 9.57216
7210 9.61621
7220 9.55272
7230 9.48561
7240 9.5097
7250 9.56633
7260 9.5594
7270 9.61113
7280 9.63549
7290 9.69804
7300 9.74671
7310 9.73395
7320 9.76985
7330 9.79815
7340 9.83358
7350 9.79411
7360 9.79863
7370 9.83876
7380 9.87187
7390 9.79311
7400 9.80099
7410 9.77923
7420 9.83741
7430 9.86237
7440 9.85563
7450 9.85617
7460 9.88381
7470 9.81175
7480 9.85082
7490 9.9286
7500 9.98527
7510 10.0199
7520 10.0157
7530 10.0058
7540 10.0571
7550 10.0543
7560 10.0921
7570 10.0878
7580 10.1109
7590 10.0842
7600 10.1559
7610 10.1932
7620 10.2274
7630 10.2536
7640 10.2646
7650 10.2267
7660 10.0127
7670 9.99037
7680 10.0414
7690 10.0885
7700 10.0518
7710 10.0891
7720 10.11
7730 10.1746
7740 10.208
7750 10.2523
7760 10.3038
7770 10.308
7780 10.3284
7790 10.3949
7800 10.4663
7810 10.5242
7820 10.5607
7830 10.4994
7840 10.4772
7850 10.5277
7860 10.4217
7870 10.473
7880 10.5312
7890 10.5502
7900 10.5916
7910 10.6312
7920 10.5425
7930 10.5096
7940 10.4818
7950 10.5094
7960 10.4295
7970 10.2477
7980 10.2675
7990 10.2165
8000 10.1882
8010 10.2198
8020 10.2239
8030 10.1394
8040 10.0009
8050 9.99872
8060 10.0157
8070 10.0054
8080 10.0363
8090 10.0809
8100 10.1438
8110 10.1674
8120 10.1115
8130 10.1595
8140 10.0756
8150 10.1283
8160 10.1772
8170 10.2005
8180 10.2428
8190 10.2619
8200 10.3115
8210 10.3181
8220 10.2466
8230 10.1918
8240 10.2589
8250 10.3261
8260 10.3212
8270 10.274
8280 10.2653
8290 10.2626
8300 10.2756
8310 10.2721
8320 10.3006
8330 10.3234
8340 10.256
8350 10.2914
8360 10.2658
8370 10.2872
8380 10.3025
8390 10.3522
8400 10.4065
8410 10.4338
8420 10.4508
8430 10.3316
8440 10.1195
8450 10.1418
8460 9.89542
8470 9.73806
8480 9.73914
8490 9.78254
8500 9.82471
8510 9.86398
8520 9.75321
8530 9.74844
8540 9.74214
8550 9.70055
8560 9.72294
8570 9.6752
8580 9.62865
8590 9.67877
8600 9.70912
8610 9.7683
8620 9.77185
8630 9.74992
8640 9.72148
8650 9.57931
8660 9.59203
8670 9.6252
8680 9.65817
8690 9.69818
8700 9.68929
8710 9.72271
8720 9.63088
8730 9.56978
8740 9.58802
8750 9.60664
8760 9.60439
8770 9.62196
8780 9.65838
8790 9.68617
8800 9.70868
8810 9.74681
8820 9.79573
8830 9.83066
8840 9.88529
8850 9.89696
8860 9.7911
8870 9.76397
8880 9.80043
8890 9.83999
8900 9.82671
8910 9.68429
8920 9.62128
8930 9.54419
8940 9.53023
8950 9.58477
8960 9.63042
8970 9.66281
8980 9.6595
8990 9.58254
9000 9.63057
9010 9.56609
9020 9.56322
9030 9.39912
9040 9.43466
9050 9.46826
9060 9.48015
9070 9.49974
9080 9.47724
9090 9.49248
9100 9.54321
9110 9.54464
9120 9.56291
9130 9.59161
9140 9.62414
9150 9.60596
9160 9.52022
9170 9.55976
9180 9.5331
9190 9.52314
9200 9.28564
9210 9.09804
9220 9.1416
9230 9.1605
9240 9.14447
9250 9.13039
9260 9.13243
9270 9.12903
9280 9.15385
9290 9.12208
9300 9.13299
9310 9.17025
9320 9.20494
9330 9.17073
9340 9.20509
9350 9.22993
9360 9.15922
9370 9.09539
9380 9.05924
9390 9.0839
9400 9.12158
9410 9.11933
9420 9.12933
9430 9.09118
9440 9.10312
9450 9.01143
9460 9.00352
9470 8.98604
9480 8.98951
9490 8.9936
9500 9.01252
9510 9.06142
9520 9.09562
9530 9.08327
9540 9.11112
9550 9.05525
9560 8.97214
9570 9.01815
9580 9.0783
9590 9.0655
9600 9.0872
9610 9.12938
9620 9.15078
9630 9.13771
9640 9.18159
9650 9.20053
9660 9.21278
9670 9.20372
9680 9.23103
9690 9.28559
9700 9.23251
9710 9.23439
9720 9.1487
9730 9.09454
9740 9.10933
9750 9.12929
9760 9.13542
9770 9.1546
9780 9.16943
9790 9.17386
9800 9.1855
9810 9.17238
9820 9.2084
9830 9.18375
9840 9.14868
9850 9.12811
9860 9.15892
9870 9.19475
9880 9.20969
9890 9.24237
9900 9.30094
9910 9.29423
9920 9.27297
9930 9.2448
9940 9.27168
9950 9.29214
9960 9.25438
9970 9.30468
9980 9.35042
9990 9.38947
10000 9.42518
