#! FIELDS time phi psi sigma_phi sigma_psi height
#! SET kernel_cutoff       6.331728635426527
#! SET epsilon      0.3678794411714423
#! SET ci       6.907430808607985
#! SET min_phi -pi
#! SET max_phi pi
#! SET min_psi -pi
#! SET max_psi pi
                   1000     -1.262853879385464      1.531192767046417     0.2321408705993061     0.1992185183755616      62.28544869993307
                   1000     -1.647857634627695      2.949237051223519      0.233286866712126     0.2067818664432799       41.0000173756508
                   1000     -2.399609391418535      3.018753527386969     0.2261116402234418     0.1906383182192603      66.16026136133237
                   1000     -2.939578748492071      2.023624119024023     0.2162646476546956     0.2015169103735457      44.23233671934907
                   1000     -2.126894279441383      2.058148508092938     0.2136430337684518     0.2105263956164099      47.30564489283381
                   1000     -2.601740651206731     -1.641461808947055     0.2123496216281547     0.2144554075129918      28.23426292411439
                   1000     -2.805684526182984      2.907177304426561     0.2052904900528986     0.2058831192968011      59.71364776725564
                   1000     -1.130327716987961      2.549872848103867     0.2180889731753407     0.2203235875565109      72.81200043868921
                   1000      -2.22689028045554      1.160586391163168     0.1979928375925719     0.2088523524815757      30.33022646705092
                   1000     -1.594591152331944   -0.03268334042192445     0.2040305765777121     0.1908062626887655       56.0926021089057
                   1000       1.08595995001874    -0.9471722212701246     0.2134927456160766     0.2028747400922581      42.61303390184771
                   1000      0.908383313939936     0.4238005344620747     0.2082295698782113     0.1907309304747188      37.42879176606039
                   1000     0.9544665246954209    -0.2089968985096145     0.2089360754687269     0.2153083338592917      55.05186514868485
                   1000     -1.048730773872868    -0.7717041768132058     0.2094351213356516     0.2094447387423412      40.56194345618115
                   1000       -1.5470343559408     0.7578555652570175      0.218867306161468     0.2096216332873425      95.37800635678326
                   1000    -0.5782478354725286    -0.3078181650706432     0.2018754632038467     0.2020314296603595      41.61674961976063
                   1000     0.8859755659482734     -1.720143933564968      0.204936333853531     0.2124778927123294      23.34408293275432
                   1000     0.1339187391927174     -1.474802398857737     0.2032968810724773     0.1891093113742041      26.61102287565828
                   1000     -1.693463168619213    -0.9455611506989278     0.1919121705871536     0.2063981583528411      35.87495763240238
                   1000     -2.267105641116998     0.2098871025105008     0.2075161786993304     0.1918175105620214      66.61882518756613
                   1000     -1.238717584476158     -2.635120987294444     0.1819148203324074     0.2111440818779396      35.33113503653239
                   1000     -2.534843989185552      1.410132632276317     0.2270570760318367     0.2154229423281503      36.47150675943461
                   1000     -2.323376366561734     -2.588064211605982     0.2068081745079632     0.1832768454303208      35.72619315935521
                   1000      1.848208521515786    -0.7668862730542296     0.2227302709661013     0.2081615562220539      10.60852331062099
                   1000     -1.901386057953685       2.32328536440145     0.1935335569981352     0.2048163082320282      47.59399709649737
                   1000    -0.5069733695770855     0.9787181210147089     0.2049654526609226     0.2067713884725433      16.87298655072821
                   1000     -1.935577918425547     -2.922316781071126     0.1941808825923675     0.1923853208221001      41.06072688966694
                   1000     -1.422456978896929      1.187262976428654      0.190835088109342     0.1856474431804524      73.94235877604285
                   1000     -2.594002143608519      2.518318487800147     0.1955177736949061     0.2049016560392198      97.70285441273774
                   1000     -1.585515255724597      2.542185165452233     0.2086663181254793     0.2038017190886161      85.16098537516331
                   1000    -0.8839349644772148   0.008988457880291708     0.1910676326992784     0.1932069801886143      41.69837469162954
                   1000     -2.925567997364981      0.932679313630127     0.1890192140090434     0.2054221587977721      34.56796547841853
                   1000     -2.649258131829621    -0.1421537529818318     0.2115370470049705     0.2094245310886674      24.56855128994608
                   1000     -2.115167973550371    -0.4744179104886646     0.2103518273533487     0.1906798399775756      41.94752742578183
                   1000     0.7749655730315238      1.151127635363746      0.195225869211935     0.2049092583385806      29.57614155179335
                   1000      1.145504973815441     -2.538711146686225     0.2289320302682808     0.2269512228733906      15.23461152828494
                   1000      1.690519415570114     -1.901127015055557     0.1961612366413011     0.2101844367412959      12.03894096820045
                   1000    -0.6747840170353399      2.148707034383953     0.1992896580064389     0.2095768270695526      41.72394616386947
                   1000      1.404923476089452       3.09218997709361     0.2049806395215347     0.2010975848678023      11.14371931000178
                   1000      0.445943603824407    -0.3367242969342094     0.1849540230350403      0.189061122142794      27.79265948434031
                   1000     0.2353037999897207      1.948446250991609     0.2515103375561951     0.2515103375561951      3.556893304490062
                   1000     -1.546868389164801      -3.03290186553511     0.1897101935142925     0.1835966407694571      38.52884127131113
                   1000     -2.148157643921013     0.5734560135443668     0.1974826557031938     0.1959088288236778      33.48572930508709
                   1000     -1.127412998883968     -0.389076294635837     0.1919943041369765     0.1944208974249224      64.85420268907698
                   1000      3.077472164766294      1.343888821620031     0.2007219321066726     0.2129283677037156       11.5731261026642
                   1000    -0.0886917124906894     0.1242971344175726      0.188795837935405     0.1889676753144919      13.02244878487386
                   1000     -1.338413288302832      0.224626434599688     0.2039912944847315     0.1867288816078049      81.10699747822238
                   1000     -1.876147701419456    -0.1079562500178058     0.1940305865948282     0.1711591321918201      38.44362850731533
                   1000     0.7208782187658783    -0.9315910992410756     0.2256751875309571     0.1864246794244815      57.70319874400322
                   1000      1.530396491385117     -2.560961773556509     0.1923268839950795     0.1870692365731033      12.87090406205505
                   1000      2.821719547266984      2.859234065054413     0.1854742809912636     0.2090318791456558      20.21716358137312
                   1000     -1.627306787523503      -1.67645990863415     0.2046631490733193     0.1854289969637318      20.19301792168146
                   1000       1.42630535853345    -0.5517355465647326     0.1924775257693551     0.2069424837153533      26.21102455933774
                   1000      1.011334866895404      1.940895808128936     0.1869060864038022     0.2143521952275797      12.95292807306993
                   1000      2.096008296111749      2.719903821644377     0.2384291281947244     0.2384291281947244      3.957891609680406
                   1000     -2.091435258409952     -1.162341532429642     0.1825682943336418     0.1804229158084862      37.64733130273824
                   1000     -1.178469565485405       -1.7698685085762     0.1977646448154781     0.1908465987031133      13.90238353655558
                   1000    -0.7334896409690713     0.2636725542373475      0.192061952269485     0.2009846581937741      26.25190129966376
                   1000     -1.559473195030822     -1.396290660494679     0.2126584852654028      0.200973833388258      11.71000651119125
                   1000     -1.433112858643857      1.930405645532041     0.1946571446488899     0.2091830870953551      62.93378660471339
                   1000      3.075741402279866     -2.039059261579774     0.2070555317078235     0.1993799168963755      11.82952407796855
                   1000    -0.4571100423654786      1.401563097790647     0.1903031726397507     0.2030348445077291      19.68734397487648
                   1000     0.1551460995026943     0.7820411887640774     0.2081164846444115     0.2089336178389148      10.71702036898218
                   1000     -3.090753678397722    -0.7693046951174938     0.1853712074034659     0.1945488809787226       13.5770649496499
                   1000      1.725246909160449     0.7888768432491208     0.1897253174035443     0.1853909890658365      13.83352933989551
                   1000      2.657874853881212    -0.5874480549779331     0.2294785825243195     0.2294785825243195      4.272658681697917
                   1000     -2.658386314344007    -0.4572980421517455     0.1989759199696073     0.2118608020129538      17.78590160517812
                   1000     -1.903127227001974     -2.419087698819433     0.1914610782121349     0.1956639178172779      19.76158969031831
                   1000    -0.4528112838055391     -1.176105150968084     0.1799420345421996     0.1979217165405963       21.3710615710133
                   1000     0.8475048012177241      2.915999168368828     0.1939424051269134     0.1880462670892755      12.94375152550725
                   1000     -1.683510121850663      1.533340046925535     0.1949404055217558     0.1920812739578692      49.94247937801415
                   1000    -0.9356384295792045     0.8410072033977527     0.1924101241443689     0.1838399872547193      45.15447241176173
                   1000     -1.923245749525093     0.9563772224501558     0.1865881010024833     0.2094816108946308      52.26200432163343
                   1000     -2.428515677337935     0.8168038001976817     0.1868131127513269      0.191592920052505      50.49261487935219
                   1000      2.434224739287167     -2.639910698442494     0.1929949652298972     0.1973124141881466      12.81387070471815
                   1000       -2.8300916832835     -2.752913438968795     0.1858176189812554     0.1958205764872174      43.45471297967651
                   1000     -2.589845907005638     -2.858226855479893     0.1788951101084723     0.1775205586344408      47.26814821313996
                   1000     -1.236063583064337      1.005368715120505     0.1987760124549042     0.1960392673611508      35.13861574813317
                   1000    -0.6923207584299274     -2.881325125650601      0.220912477606602      0.220912477606602      4.610436292058447
                   1000       -2.4957356030891      1.915881949930627     0.1848740229182684     0.1880109575747996      39.39558060434619
                   1000     -2.063286517650673      2.697039450442854     0.1899854597432974     0.1771388616931545       88.3510991963047
                   1000      1.532087505383084     0.1805025068339046     0.1957326910999845     0.2001112171191735      12.05793560074035
                   1000     0.5850578037003223     0.2664081912939671     0.1944154564405995     0.2037618963170268      18.45807861183541
                   1000      1.125404402096315      2.342230616875121     0.1906504998418276     0.1893109544401474      12.60077488983188
                   1000      1.646934972158214      2.457276557902002      0.215730484319868      0.215730484319868      4.834588127111639
                   1000     0.4219875462037864     -2.218876987730184     0.1914155080186381     0.1864985619128902      22.08309926612422
                   1000      1.480929840127318     -2.244320882103766     0.1842173569137248     0.1913667687759817      13.44507966419965
                   1000       1.49564274825679      -1.27933525600121     0.1997839339994002     0.1845870836683166      19.87620101603058
                   1000     0.8508891977519502     -2.406459069695272     0.1944024492370016     0.2194711166898552      19.57328410961374
                   1000     0.4114571599571255       3.03485700533567      0.192487912164261     0.1761973148075378      14.50152444858429
                   1000      1.383415274320965     0.5204877514075265     0.1957667081312437     0.1940736183022703      12.16922136456344
                   1000     0.1192349431295329    -0.8819325871020265     0.1890437494332855     0.1959535753194719      29.56448741017058
                   1000      2.816531072978425     -1.388188229226095     0.1768162017093836     0.1809150587578091      14.39357715181543
                   1000    -0.9966499144583174      1.869499874840634     0.2016013200872339     0.1874769757354881      55.09621007572147
                   1000     -2.311849699871691      1.712618745929798     0.1848897504184814     0.1833796447598575      29.89486016349652
                   1000      2.733120958289385     0.1306219470923295     0.2112951835385881     0.2112951835385881      5.039684199579492
                   1000    -0.5655472594394729       2.58790445145915     0.1776984300913117     0.1925369309650622      22.22709642333432
                   1000     -2.802570864528034     -1.143156257948762     0.1994552489951481      0.189896683191294      20.44414137508741
                   1000     -3.076326202225326   -0.05430710589370213     0.1823663784380953     0.1739763278946559      22.40684083531952
                   1000     -1.782780756343993     0.3772281144030608     0.1814052463783118      0.170016341329215      66.17444094962548
                   1000     -1.898464599399798      1.302006459157122     0.1996662619681727     0.1988621618564807      34.78558158267468
                   1000     -2.365878231287274     -2.207064655338043     0.1782534694049794     0.1840891913536952      23.52576467241926
                   1000      2.667441472140292      -3.05196132841856     0.1930113477805749     0.1788413128176131      22.22801779802188
                   1000     -2.858317797675501     -2.248559473572859     0.1835539511598302     0.1842690479561837      40.20930460441976
                   1000      -1.91086918246696    -0.6687328104584405     0.1883712514616531     0.1922587564183853      12.74146864991727
                   1000      3.042746798755714       2.82146214857202       0.17664131199213     0.1888092656832369      29.99905351734884
                   1000      -1.57138273399623     -2.391677975588346     0.1789542406756738     0.1705993525242675      24.92871065045995
                   1000      2.703733360315124     0.8321980613928859     0.1771882761449433     0.1898295432188424      15.07500132502795
                   1000     -2.280928762290671    -0.1304857268446347     0.1993272853446062     0.1837183213483527      20.05884283013976
                   1000    -0.1684161308227297     -1.013152421129607     0.1760803271592894     0.1885032275485287      14.82738186350929
                   1000       -1.0743618400677      2.125298240450214     0.1963818883477335     0.1809131486593905      47.18390091764631
                   1000    -0.7704104163476444      1.551269019220558     0.1871779142899436     0.1815424449082769      30.42211225984869
                   1000    -0.6727046772379693      2.964614549330939     0.1790903975989864     0.2119624083799448      21.50821077085341
                   1000      1.809188901173755      1.777510128750995     0.2033700270451377     0.2033700270451377      5.440121825414796
                   1000      1.529659818855116      1.299991171830617     0.2031602584443691     0.2031602584443691      5.451361778496419
                   1000      2.380305765475259      1.610383490918736     0.2029519951112518     0.2029519951112518      5.462555571281397
                   1000     -2.708593389288229      2.154330232086621     0.1731364206093673     0.1770654660830921      40.56447988550127
                   1000    -0.9882327722055035     0.5151602355257777     0.2149131891511153     0.1845833053279497      52.84266728202672
                   1000    -0.2087544714302002    -0.1622074396959468      0.174046215312883     0.1777305064061885      15.02024835629346
                   1000     0.6140558121136676      2.406157424969535     0.1747414283363767     0.1883035208877684      14.74179984286936
                   1000      1.278932161798008      -1.52044293983536     0.1904162640509091       0.20386551393117      27.36624112270798
                   1000        2.1311126299353    -0.2486260749282683     0.2013377637709627     0.2013377637709627      5.550499102911547
                   1000     -1.351611211143732    -0.9714931614449298     0.1922189761095688     0.1868108454751214      13.24138348605059
                   1000      2.816757866251056      1.981411057673297     0.1940011595299182     0.2114981185190786      11.95708125958752
                   1000      2.974476850178001     -2.740785490331625     0.1980529037669777     0.1714133972943765      23.14180787362759
                   1000     -3.126360723714964       2.62442539516522     0.1711372836341001     0.1967123258832068      30.94252343899157
                   1000     -2.649324777581533     -1.955267141828369     0.1899523047097151     0.2001810849016453      12.93760913991502
                   1000     0.4682028789568147      1.524086777801725     0.1807260856622932     0.1959734437046426       13.8795513444444
                   1000     0.5859441137570318     0.6905756904213647     0.1745432584136668     0.2032026469540471      22.19611447189567
                   1000     0.4061554035674782     -1.198503314134147     0.1788376984178011     0.1759416897814123       22.1379830428678
                   1000      1.191869714244309  -0.009474890584713836     0.1889363672878246     0.1819585114109586      21.62781651072958
                   1000     0.4150486012059211    -0.6447499474727421      0.198007188993489      0.198007188993489      5.738793548317166
                   1000      1.184488282931803     -1.915893753373007     0.1859048813970858     0.1709469768614104      31.87678125268543
                   1000     0.7297769443497623     -2.039735486491909     0.1895383193357779     0.1922630956851882      21.68934951174541
                   1000     0.7910089299128832     -2.703560061656836      0.202981275944099      0.183987080934284      13.42072301231919
                   1000      0.150372726806939     -2.591351872016733     0.1973172440002128     0.1973172440002128      5.778996565152129
                   1000      1.204879412434068      3.098834335944503     0.1971473622345836     0.1971473622345836      5.788960372062403
                   1000    -0.5001027587339628     -2.128486403025533      0.196978499036063      0.196978499036063      5.798889997648998
                   1000     -1.039330635362056      -3.03448938368264     0.1779673772123403     0.1786548532474288      14.21018383796152
                   1000     -2.972539411167955     0.3927238062492608     0.1894128123538699     0.1976912760475761      12.70046065592373
                   1000    -0.2434461857468466      1.285586086852226     0.1866118929584484     0.1764402622285791      14.69185217327827
                   1000     -2.351631230914898     -2.882246206262748     0.1755265413507666     0.1954247725651352      30.69253924336967
                   1000   -0.07090456235419151      2.025439665152478     0.1705260282063513     0.1721552927822834      15.68479584030936
                   1000     0.9795431775003079     0.7918659040196411     0.1768048163804161     0.1863481166053531      24.20219689614545
                   1000     -1.026042409804655     -1.349872603687081     0.1726150088055304     0.1733115927424284      15.84180468316813
                   1000     0.6694160506127228      -1.47596975353521     0.1713225970915735     0.1738593951057193      23.33714498652368
                   1000      1.377278554449566     -1.016797402519244     0.1717549495051409     0.1717162581818362      15.31625701287244
                   1000      1.071763353138257      0.182860518586527     0.1757375362096253     0.1763196171417283       24.4647614984637
                   1000      1.139345287025193    -0.7068398658312003      0.166860438781491     0.1671825883738682      24.75491134824933
                   1000      1.284176157887074      1.458912017019033     0.1919119940136093     0.1919119940136093      6.109114744289606
                   1000     0.1974759170653098     0.3488964018435201     0.1917720652555352     0.1917720652555352      6.118033172636619
                   1000      1.199891020606722      2.574069416777834     0.1914943342790761     0.1914943342790761      6.135792439661959
                   1000     0.9244777909572149      1.504225426419739     0.1807083544643881      0.188283004660718      13.90303591569221
                   1000     0.5351428841619956       1.97891279185979     0.1912193946000373     0.1912193946000373      6.153449493663682
                   1000     -2.042029191504928     -1.877270068508628     0.1909471945636799     0.1909471945636799      6.171005792776716
                   1000     -1.999297005959907      1.574037321144117     0.1961463153698087     0.1702288406523599      23.97681897259863
                   1000    -0.9980103462511852       1.31036238637022      0.177804698725321     0.1839532345685367      40.34849520382441
                   1000    -0.7341391894938962     -1.001504129823287     0.1757346044162244     0.1813568610421269       22.8995986793583
                   1000      3.126208866078116      3.106051597173296     0.1894968846611604     0.1894968846611604      6.265826556058271
                   1000     -1.156933453553062      2.992788510161235     0.1858605118466223     0.1778544404376615      30.36703130119959
                   1000     -2.706627025952945    -0.9079390759618813     0.1869025514722717     0.1757967296524527      22.82963946172995
                   1000      2.991984836729463    -0.6698830183287001     0.1767146841344584      0.184273676986454      14.76195312711978
                   1000     -2.392492204215196    -0.7870567057332812     0.1752238092506689     0.1743319878016643      33.83359142994393
                   1000     -1.726617762759293    -0.3532702601012881      0.186520940867902     0.1724248531360685      22.76808684850189
                   1000     -1.448131377999013    -0.5480837974976341     0.1721267626401937     0.1803742086072875      42.10664995303129
                   1000     -2.945243844904748      2.506188278853898     0.1731762393501493     0.1762873184358937      34.43624404668969
                   1000     -3.021547771560176      1.563598448654314     0.1753442120304793     0.1864108743336697      33.06195360884718
                   1000      2.092072932533684     0.4154483083150584     0.1876367236927053     0.1876367236927053      6.390676528399307
                   1000     -1.717649180373473      2.077278211550302     0.1921542325295869     0.1755634690918575      31.17850355519002
                   1000      2.050324318290701    -0.9476561698141683     0.1866949392748263     0.1866949392748263      6.455314810938886
                   1000      1.348844512813428    -0.2284671676718738     0.1722717301463559     0.1866600475429352       32.1420237132651
                   1000      0.055398814503874    -0.3049446048212205     0.1769430002815828     0.1768451772663011      15.64488005688519
                   1000     -2.759850545395444     0.1291565552241894     0.1732933954442756     0.1671456355159944      16.13489088539359
                   1000     -1.149021923445566   -0.04763469402578774     0.1676510241147713     0.1821657170159515      33.28692075430831
                   1000     -1.186101237972505     -2.101325112290217     0.1896152418238763      0.171771297654753      15.27854926707287
                   1000    -0.4239879605057594    -0.8337679068852101     0.1805336712091367     0.1681732200928182      15.93237449338073
                   1000      2.422472820448335      2.385694529978662     0.1850141177322785     0.1850141177322785      6.573138451442428
                   1000    -0.7456226614296548    -0.5892519604123581     0.1723400851194117     0.1802748988366636       43.7058662619157
                   1000     -3.083148422768526    -0.5747687769688181     0.1719443874659762     0.1721256898521477      15.26180101934909
                   1000     -1.560980050021033     -2.738256478059991      0.181628147878237     0.1787694202715559      14.23218628802676
                   1000     -0.265395393282248     0.3162156049615865     0.1772276236330922     0.1900365284963902       14.4304147335223
                   1000    -0.1961551055131179      2.866021722413679     0.1829274983314945     0.1829274983314945      6.723950813597926
                   1000   -0.04110686111772877       2.44831500214018     0.1828274011177439     0.1828274011177439      6.731315497265289
                   1000      1.681780061767311     -2.936146615973221     0.1827276860592305     0.1827276860592305      6.738664100805331
                   1000      2.124823505930274     -2.102937776869133     0.1826283504552043     0.1826283504552043      6.745996711705424
                   1000      -2.51338492357435     0.4881429082282214     0.1678625886204492     0.1671166166591891      34.08517802121303
                   1000      -1.87537139011873     -1.552231292290352     0.1816552896547515     0.1816552896547515      6.818461941353009
                   1000   -0.09137214563386514     -1.859193185400128     0.1794314186378446     0.1674029614296959      16.41923965581915
                   1000     -1.270995201143568     -1.548445295458387     0.1813703381341468     0.1813703381341468      6.839903786706787
                   1000      3.040583699445252     -1.455697219628747      0.181088486360053      0.181088486360053      6.861212035840819
                   1000     0.8305995503421918    -0.5939183054415074     0.1792632949629205        0.1841715913801      22.31580056356447
                   1000     0.9977155716126163      -1.30078044960203     0.1750144273474591     0.1749006756419961       39.3582527005212
                   1000     -2.086414939391711       3.05535145840391     0.1828951393590474     0.1763075680094826      60.97744000057735
                   1000      2.894651565842737    -0.3641296655042932     0.1801705842266025     0.1801705842266025      6.931300768428808
                   1000     -2.485137201644094     -1.274941647537545     0.1773343079159058     0.1665949560925577      24.53905474970675
                   1000      -2.53246375984995      -2.28628080723766     0.1777477094554545      0.166447141054938      16.32644845808457
                   1000     -1.723944755024927     -1.970072062698038     0.1676277251607842     0.1732993517097013      16.53775749339918
                   1000     -2.400410999360118     -1.911031534758431     0.1709740221172982     0.1739131218930941      16.10648600029407
                   1000      3.138056720062808     0.2176564240700536     0.1793715556567931     0.1793715556567931      6.993190657180868
                   1000      3.023117658861683     -2.277877971203556     0.1920991790111376     0.1817127893216466      14.32540754081939
                   1000     -1.751867992925779     -1.233642608506334     0.1632490236277215     0.1641645603019153      17.01357908349966
                   1000    -0.1665566304677316    -0.5939492896579218     0.1798777660437778     0.1664986416861246      16.31002643790546
                   1000      2.986739641508025      2.271067309542479     0.1730295059787868     0.1854047924212256      24.49277745818309
                   1000    -0.1355831152952877      1.675084544421416     0.1642816475461345     0.1635045379454368      17.06060296597805
                   1000      2.969881969018497     0.9767707415968747     0.1780928797045238     0.1780928797045238       7.09397094475071
                   1000     -2.720206244791008     0.3475253078844375     0.1686691707668362     0.1724888460501979       15.8942478031139
                   1000    -0.7241610249710826      1.317830639374617     0.1776805257623201     0.1776805257623201      7.126935967201603
                   1000    -0.7318738173853809     -1.687361345548666      0.177598852291722      0.177598852291722      7.133492489728305
                   1000      2.164630036762331     -3.085445023317317     0.1774362900157616     0.1774362900157616      7.146569498815022
                   1000      1.960592115745628     -2.405139347994543     0.1773553981089455     0.1773553981089455      7.153090095040668
                   1000    -0.5663348204507789      0.653394873289364     0.1844550023976095     0.1781711227728213       14.5162882733111
                   1000      -2.12466471160066     -1.597033727385247     0.1761910139146641     0.1764537548570591      24.53898307285737
                   1000      2.376993897080682     -1.590054971876552     0.1767174049292674     0.1767174049292674      7.204832147214519
                   1000     0.1963102785273216      1.230246439203089     0.1764822508132279     0.1764822508132279      7.224045123903259
                   1000     0.9122449262564043     -3.124276266348914     0.1924778810967623     0.1734719313165591       15.0244846215476
                   1000      1.875015226832207     -1.579290693220693     0.1760951380030623     0.1760951380030623      7.255841506910844
                   1000      1.741979030851899   -0.09963117276673783     0.1759419448522356     0.1759419448522356      7.268482371328557
                   1000      0.964310873744062     -2.073722491243295     0.1693193333339568     0.1633927380636405      16.96993469280073
                   1000     -1.762498021023862     -3.096544774756072     0.1748950080208698     0.1748950080208698      7.355762368401102
                   1000     -1.914797245471536     -2.150694617474218     0.1738901797399345     0.1738901797399345      7.441018860736904
                   1000     -0.711978097536647     -1.477424635019327     0.1736800396542966     0.1736800396542966       7.45903592589164
                   1000    -0.1560254348976886     -1.326039162533716     0.1736103865076576     0.1736103865076576      7.465022313634496
                   1000     -3.047900794429217      3.065135680526135     0.1734716644062318     0.1734716644062318      7.476966369704568
                   1000      -1.79017083040397      1.801259222277394     0.1625448714027942     0.1629828309623298      53.20765289367581
                   1000     -1.299101200279011     0.4646966424773009     0.1713158389007359      0.168040025562332      15.97443033139995
                   1000      -1.66262263931434      1.311938598132326     0.1659490894463187     0.1662249982771515      16.96970680432323
                   1000     -2.917616964413768     -1.679669947469903     0.1729921663812299     0.1729921663812299      7.518472981024875
                   1000    -0.7661278491349028      1.097508365174686     0.1727894799612767     0.1727894799612767      7.536122043392361
                   1000     -2.288028734242708       2.53457636596646     0.1769511394628644     0.1852625342508646      40.79923708156917
                   1000     -2.114204724735208      1.809528870504377     0.1639895431557493     0.1726309418654662      34.91008464398377
                   1000     -2.128135260039683      -2.11383803429014     0.1654441003778392     0.1698738221863886      17.33049801485269
                   1000     -2.977433047819431     -3.067935128507805     0.1689411741629351     0.1804225189966374      25.58143819549235
                   1000      2.484990094519453    -0.9990657065401365      0.170974149462481      0.170974149462481       7.69700226255361
                   1000      2.598558179761501     -1.989552098144334     0.1709117387247837     0.1709117387247837      7.702624618287352
                   1000     0.3510883858599705      1.047749352274215     0.1707254582547874     0.1707254582547874      7.719442629361642
                   1000      1.114635533099085     -2.841871010759065     0.1704181187886945     0.1704181187886945      7.747310894995782
                   1000      1.480464066298483      2.045687203628941      0.170357113532745      0.170357113532745       7.75286054653182
                   1000      2.236171086096338       1.01370199257636     0.1702355599354642     0.1702355599354642      7.763936076656307
                   1000      1.753202215364459      2.765515902757691     0.1701750101852379     0.1701750101852379      7.769462011672504
                   1000       2.13287053413246      2.011649091405923     0.1699942607742695     0.1699942607742695      7.785992831746519
                   1000      -2.14666580277595     0.7650991219045524     0.1699343086238716     0.1699343086238716      7.791487535639228
                   1000     -1.120256519134175     -1.093599637217971      0.162223870910699     0.1608517534152064      17.61619281705019
                   1000    0.07937661393768559      1.515357036692007     0.1619446042341795     0.1686439589965412      17.42702719380279
                   1000     -2.478082271225269       2.82582383313022     0.1619692367409875      0.164329513061779      26.85295423233532
                   1000       2.85470727113878      1.340122612807289     0.1689371820665409     0.1689371820665409      7.883735163105243
                   1000    -0.8279628647127515      2.504030410219849     0.1688225316362155     0.1688225316362155      7.894446772968114
                   1000     -2.613007163937562     -2.629296431504343     0.1649270989135274     0.1712063128117832      16.85362653999485
                   1000    -0.4370484504848951      1.801536265811422     0.1722335118596789     0.1711240807236428      25.84400270045444
                   1000    -0.9699584932440967      2.919616148726701     0.1653227917376236     0.1616248860278751       27.1470951134927
                   1000     -3.088244817288903     -2.625789074859281     0.1680903169287408     0.1680903169287408      7.963374241789243
                   1000      3.051136507300718     -1.151966750976653      0.167979621815394      0.167979621815394      7.973873099354774
                   1000     -2.948717804361209       -1.4746697827332     0.1622896422055436     0.1601160304575555      17.88489392316968
                   1000     -2.787012922994239     -3.069585163676757     0.1692698126332335     0.1626973749220626      35.31081758083602
                   1000     0.7175901397529911     -1.259603586532768     0.1679887867462989     0.1612376584944851      17.33428661375421
                   1000    -0.3326803181681885      2.277451946619251     0.1661722045486558     0.1661722045486558      8.148276449362262
                   1000     -1.285345403448386     -2.946792067226605     0.1598311375196346     0.1665873872880058      17.80245935190405
                   1000       0.27368403486029     0.0740061509385086     0.1659176107948496     0.1659176107948496      8.173302025563114
                   1000      1.028132677999934    -0.4855890755084019     0.1611893264037363     0.1748458246289507      35.12388229377668
                   1000     0.5214361883549397     -1.784750762006123     0.1744017001424939     0.1754418611082076      25.87653967393825
                   1000       1.06672265819242     -1.507701814857715     0.1637522202390315     0.1636339580203679      16.83525191238623
                   1000      1.326613183148889     0.2915778435515683     0.1652681977263784     0.1652681977263784      8.237661384280925
                   1000     0.5120163767451354     0.8920502756845053     0.1625330842412828     0.1649697620796003      17.15670808956239
                   1000      1.316213691619396     0.9858272369790271     0.1650719163985326     0.1650719163985326      8.257263269927625
                   1000     -1.553034818183891      2.227891641152157     0.1660439980773486     0.1643424818016252      17.13272494814448
                   1000     -2.320743837430558      2.199045468569304     0.1622061936895836     0.1731289347431414      26.36997221660675
                   1000     -3.087864564694767     0.7315013810111965     0.1648772553297522     0.1648772553297522      8.276772529143361
                   1000    -0.1582111170485159     0.6779559906487975     0.1648288403255528     0.1648288403255528      8.281635498845706
                   1000     -1.350606093392283      2.811179971601845     0.1613507240557548     0.1697984301239828      26.37068307728802
                   1000     -1.787549062812091     0.1317120034976433     0.1643027497403434     0.1643027497403434      8.334755312898647
                   1000  0.0006126989009223038     -2.237226136975406      0.164114328432619      0.164114328432619      8.353904731876808
                   1000      1.609462814282697    -0.8187570622180549     0.1640674587003672     0.1640674587003672      8.358678392762462
                   1000      1.192245723442444     -1.238299373095824     0.1640206825071804     0.1640206825071804      8.363446607369195
                   1000     0.5691260241586535   -0.05048100941844361      0.178255772941918     0.1630019792508066      26.82394618722643
                   1000     -1.472857768515828     -2.096207219187782     0.1637419704170918     0.1637419704170918       8.39194238666761
                   1000   -0.06168321493920725     0.9966569996105923      0.163603849531071      0.163603849531071      8.406117991966161
                   1000      2.551185206934979      2.797078603173264     0.1635122202959815     0.1635122202959815      8.415541898951929
                   1000     -2.651377695123678      1.085156364687815     0.1768933626190675     0.1613390013933028      26.29137942803795
                   1000     -2.898100419913674    -0.6603600457667969     0.1631042821860136     0.1631042821860136      8.457690558114921
                   1000      3.111737906484051     -3.011663189436852     0.1605306422424684     0.1659566337255658      17.89213076119593
                   1000      1.216539574597875     -2.102806185099772       0.16209314614197       0.16209314614197      8.563537711445839
                   1000     0.7691855969120143       1.67819087048407     0.1619644494811618     0.1619644494811618      8.577152261731756
                   1000      1.258054445721483      2.793876608059101     0.1618790476457507     0.1618790476457507      8.586204671892926
                   1000      0.589603115842621    -0.5151618311331154     0.1589783374305379     0.1615972875011961      18.10736733827519
                   1000      1.222073265343128    -0.5508107481845466     0.1616247189513402     0.1616247189513402      8.613248014780668
                   1000       1.57828947175714     -1.704396733888022     0.1615826017523913     0.1615826017523913      8.617738760127533
                   1000      1.213365307571019     -2.265831437057848     0.1614985972142242     0.1614985972142242      8.626706236691353
                   1000      3.104858650748628      1.753393648312427     0.1613315003681456     0.1613315003681456      8.644585471747904
                   1000      -1.92131661694908      3.140390018597808     0.1610419654057249     0.1610419654057249      8.675697358584907
                   1000    -0.9012699284946879      2.326536334665676     0.1608373627833603     0.1608373627833603      8.697784259800091
                   1000     -1.295255691396617     -1.173123191852336     0.1606749823278549     0.1606749823278549      8.715373355753327
                   1000     -1.831384227872341      2.786588227023207      0.162008505743144     0.1565096572335046      18.43944647567097
                   1000     -2.679189636884268     0.7318687173557444     0.1559556031223216      0.167054633693799      18.59431355404303
                   1000     -2.116527119662677    -0.8915010441199177      0.158988445502255     0.1598948336638955       18.5453181177938
                   1000     -1.191715060394957     0.7846748230586559     0.1584782767534128     0.1678221577133736      17.94959769325804
                   1000     -0.461269619870357     0.3993327490258096     0.1600760948692074     0.1600760948692074      8.780708428161159
                   1000     -2.193554957213955      1.403427261500631     0.1603676814770165     0.1631423304274382      28.00344057593345
                   1000     -2.897904481986751      2.278351104632423     0.1560148329267792     0.1568023174980093      18.52693211371271
                   1000     -3.034024694774416      2.773719496905852     0.1596466657621713     0.1596466657621713      8.828009924884208
                   1000     -2.729113305063571      1.627487141870203     0.1639860753290032     0.1686588686882803      46.04914673128639
                   1000     -1.768027046229598     -2.669784043858742     0.1595694484587998     0.1595694484587998       8.83655592240361
                   1000    -0.7969687917827066     -2.510668768673589     0.1595309376646474     0.1595309376646474      8.840822729402927
                   1000    -0.2678080911985621     -2.823608243689458     0.1594924918363087     0.1594924918363087      8.845085421832664
                   1000    -0.8557788325837499      2.699687107909066     0.1593012301008475     0.1593012301008475      8.866337510786456
                   1000     -1.671257052021806    -0.6022837032361603     0.1587740997383047     0.1587740997383047      8.925307759554336
                   1000      1.684060615955654      3.130676544267434     0.1583318220278137     0.1583318220278137      8.975240590173238
                   1000      2.773469552421357      -1.12637005995914     0.1582225898498906     0.1582225898498906       8.98763734707568
                   1000      2.786513322379411     -1.694840870293661     0.1581862960973651     0.1581862960973651      8.991762009126496
                   1000     -3.118342740179719      2.282733160817931     0.1580777633266195     0.1580777633266195      9.004113346093702
                   1000      2.033376550022858     -2.751304304703035     0.1579338596893095     0.1579338596893095      9.020529268209403
                   1000     0.5079521450458913     -2.799988517060715     0.1578980267038518     0.1578980267038518      9.024623925725086
                   1000      1.355952551145796     -2.842970807803241     0.1578622505510594     0.1578622505510594      9.028714870948003
                   1000      1.887980816243281     -1.176755205558857     0.1576133948434595     0.1576133948434595      9.057248245324264
                   1000      2.713713485304789    -0.9082068498543245     0.1575780673935119     0.1575780673935119      9.061309792166984
                   1000     -2.854453593502088    -0.2545805958130529     0.1575427952971663     0.1575427952971663      9.065367701259413
                   1000     -2.659490204500443    -0.6739293926489358      0.157507578393565      0.157507578393565      9.069421980736056
                   1000     -3.125660964595998     -1.727933541825726     0.1574724165225324     0.1574724165225324      9.073472638702365
                   1000       2.84687263354932      2.475842727947418     0.1574022572408603     0.1574022572408603      9.081563122381263
                   1000      2.997481135615816     0.5297387877083475     0.1572625920954706     0.1572625920954706        9.0977009850615
                   1000     -2.981379098001764     -1.905737060168898     0.1570892229522104     0.1570892229522104      9.117793146136179
                   1000     -2.160851648739178     -2.411679681781233     0.1570547092215564     0.1570547092215564      9.121800967815446
                   1000     -1.092640577145259     0.3219454695886563     0.1568829327176744     0.1568829327176744       9.14178744925791
                   1000      1.083254674894845       1.36350744944451     0.1568145889931811     0.1568145889931811      9.149757625439007
                   1000      1.919640085788846      1.274805077740578     0.1567804951545866     0.1567804951545866      9.153737511815381
                   1000      1.184318835111798     0.7288358987739656     0.1566446365422134     0.1566446365422134      9.169622554545802
                   1000      2.839079587701965   -0.08326422370368558     0.1566108003487018     0.1566108003487018      9.173585226843102
                   1000     -2.259859130190152      2.809170818822672     0.1564423829609377     0.1564423829609377      9.193347427571481
                   1000       1.50526021019312      2.663954010904111     0.1562419433293284     0.1562419433293284      9.216950477057541
                   1000      1.747867740346001        0.1600458298189     0.1560432876643595     0.1560432876643595      9.240433254923236
                   1000      -2.08771961121252   -0.02823281331946292     0.1558790828954347     0.1558790828954347      9.259911460232219
                   1000      2.753851538115888     -2.492274926468284     0.1558137384549373     0.1558137384549373      9.267679845973115
                   1000       1.40629466373855      1.744805761813822     0.1553936157526519     0.1553936157526519      9.317859848626759
                   1000      1.865446793606324    -0.3573169723607785     0.1552977823957689     0.1552977823957689      9.329363390985684
                   1000     -1.390168175126578     0.6087472060837307     0.1636793390730517     0.1616365311654049      18.95324051805135
                   1000     -1.356413396447667    -0.3005263201204537     0.1542992071709816     0.1555038407864133      18.92075115121403
                   1000      2.003640068656639      2.463430039236075     0.1545765155133111     0.1545765155133111       9.41662968459471
                   1000      2.320698351317826    -0.6047288853866513     0.1545148943902594     0.1545148943902594      9.424141957174177
                   1000      2.259584697905821   -0.01208315470528687     0.1544841482133145     0.1544841482133145      9.427893606438763
                   1000      2.634421370954241       1.54571212889585      0.154453444811543      0.154453444811543      9.431642272283662
                   1000      2.748670233120345      2.614101045710505     0.1543921658923856     0.1543921658923856       9.43913067739236
                   1000     -2.105637893689568      2.332283072842441     0.1543005655812323     0.1543005655812323      9.450341056903198
                   1000    -0.9413103049162808      1.106785236131634     0.1542701165268449     0.1542701165268449      9.454071945982806
                   1000     -2.419991101225036    -0.4228403045782483      0.154239709483579      0.154239709483579      9.457799892720109
                   1000    -0.4545743955239065    0.04336379929558465     0.1541790210007365     0.1541790210007365      9.465246982326734
                   1000     -1.467142404250287      1.639657508725687     0.1540280275108625     0.1540280275108625      9.483813618729688
                   1000     0.2165385071423627    -0.5892907521150046     0.1539679189856174     0.1539679189856174      9.491219958029328
                   1000      1.444006227024835    -0.7674154039024415     0.1538183625573519     0.1538183625573519      9.509685413058151
                   1000     -1.710120500183542      1.143665723747514     0.1534928794164024     0.1534928794164024      9.550058934424278
                   1000    -0.7025006690861209     -1.982124488971116     0.1533465141196677     0.1533465141196677      9.568298205117983
                   1000      2.130814077267598     -1.125204868907471     0.1529991781936357     0.1529991781936357      9.611791067410666
                   1000     0.1720711524880176      -1.73792756189383     0.1529704809801134     0.1529704809801134      9.615397743571817
                   1000     0.3975230557567855     0.4851997809447619     0.1529131993685973     0.1529131993685973      9.622602989987479
                   1000      -2.40333590974428      1.025214641985846     0.1527706491801537     0.1527706491801537      9.640569056700917
                   1000      2.331338614199537    -0.3470414670821493     0.1526855638070353     0.1526855638070353      9.651316634226061
                   1000     0.8154487991977474     0.1220135998806116     0.1537439159042831     0.1603322775961505      19.58777772984898
                   1000      -2.77064596255831      1.444844171258219     0.1525726305174434     0.1525726305174434      9.665609608287658
                   1000     0.7257701811676469    -0.3127065540660978     0.1525444883712369     0.1525444883712369      9.669176254223277
                   1000    -0.2495771839478298      2.551718871290759     0.1523763946754609     0.1523763946754609      9.690521083433499
                   1000      3.139693308674096      2.042479532158334     0.1520990919131121     0.1520990919131121       9.72588826218856
                   1000      2.433469809792886      1.984116014495076     0.1517980917977834     0.1517980917977834      9.764497389802921
                   1000     -1.462387127395079     -1.160821234916272     0.1514744241926104     0.1514744241926104      9.806271149279334
                   1000     -2.513981868172571     -3.076701485431547     0.1514209468830716     0.1514209468830716      9.813198930565767
                   1000     -1.447829879631743    -0.7999145643020276       0.15128782926693       0.15128782926693      9.830475724915585
                   1000     -1.891972832074621       1.99421240301447     0.1512348109093101     0.1512348109093101      9.837369468917455
                   1000     -2.506043004566946      2.292457864498105     0.1511819223396774     0.1511819223396774      9.844253564564347
                   1000      2.934214322625983      3.105229891143084     0.1511291629692183     0.1511291629692183      9.851128045544696
                   1000    -0.1744501354608685     0.8631829102720552     0.1510240294900128     0.1510240294900128      9.864848297321878
                   1000    -0.9370662763660813     0.2564315922844855     0.1509978259604298     0.1509978259604298      9.868272403218972
                   1000    -0.9376814647031093    -0.3235050609742189     0.1509716542229842     0.1509716542229842      9.871694134562263
                   1000     -0.460461988349262      2.896680859838209     0.1508933290490416     0.1508933290490416      9.881945122337392
                   1000     -3.050658960776399    -0.3939842713464068      0.150867283766887      0.150867283766887      9.885357396476795
                   1000     -3.081950935289616      1.833251975876421     0.1508152874422122     0.1508152874422122      9.892174886497401
                   1000      2.896201119694303    -0.9466521617838288     0.1507893362591325     0.1507893362591325      9.895580110479441
                   1000     -3.119173449868363     -1.012745726126702     0.1506858430926903     0.1506858430926903      9.909177626876769
                   1000    0.03626798572173495     0.4551149245641106     0.1504547873136426     0.1504547873136426      9.939636356221659
                   1000      -1.26397622461279       2.18700292989974     0.1501253659051174     0.1501253659051174      9.983305478136911
                   1000     -2.536955921745993      2.116916339637738     0.1500250145938741     0.1500250145938741      9.996665554937858
