# time  deltaF #transition_s=1.99
0 0
2000.000000000 21.8916
4000.000000000 22.1125
6000.000000000 22.6554
8000.000000000 22.6302
10000.000000000 22.3976
12000.000000000 22.2659
14000.000000000 22.1645
16000.000000000 22.0698
18000.000000000 22.0323
20000.000000000 21.9555
22000.000000000 21.7075
24000.000000000 21.6135
26000.000000000 21.5875
28000.000000000 21.6878
30000.000000000 21.6971
32000.000000000 21.7267
34000.000000000 21.7905
36000.000000000 21.8604
38000.000000000 21.9238
40000.000000000 21.9845
42000.000000000 22.0412
44000.000000000 22.0937
46000.000000000 22.047
48000.000000000 21.9536
50000.000000000 21.884
52000.000000000 21.8567
54000.000000000 21.8311
56000.000000000 21.8155
58000.000000000 21.8583
60000.000000000 21.8446
62000.000000000 21.8084
64000.000000000 21.7329
66000.000000000 21.6611
68000.000000000 21.5898
70000.000000000 21.5692
72000.000000000 21.551
74000.000000000 21.5379
76000.000000000 21.5435
78000.000000000 21.5608
80000.000000000 21.5449
82000.000000000 21.4964
84000.000000000 21.4399
86000.000000000 21.4244
88000.000000000 21.4124
90000.000000000 21.3994
92000.000000000 21.3938
94000.000000000 21.4009
96000.000000000 21.4147
98000.000000000 21.4407
100000.000000000 21.4096
102000.000000000 21.3598
104000.000000000 21.3137
106000.000000000 21.265
108000.000000000 21.2434
110000.000000000 21.2252
112000.000000000 21.1963
114000.000000000 21.1869
116000.000000000 21.1782
118000.000000000 21.1684
120000.000000000 21.1902
122000.000000000 21.2063
124000.000000000 21.1745
126000.000000000 21.1379
128000.000000000 21.1305
130000.000000000 21.1223
132000.000000000 21.125
134000.000000000 21.1166
136000.000000000 21.1331
138000.000000000 21.1521
140000.000000000 21.1708
142000.000000000 21.189
144000.000000000 21.2071
146000.000000000 21.2242
148000.000000000 21.2411
150000.000000000 21.243
152000.000000000 21.2584
154000.000000000 21.2748
156000.000000000 21.2918
158000.000000000 21.3079
160000.000000000 21.3241
162000.000000000 21.3391
164000.000000000 21.3539
166000.000000000 21.3691
168000.000000000 21.3846
170000.000000000 21.3996
172000.000000000 21.4146
174000.000000000 21.4289
176000.000000000 21.4419
178000.000000000 21.4216
180000.000000000 21.4141
182000.000000000 21.4145
184000.000000000 21.428
186000.000000000 21.4199
188000.000000000 21.403
190000.000000000 21.3962
192000.000000000 21.3919
194000.000000000 21.3939
196000.000000000 21.4055
198000.000000000 21.4143
200000.000000000 21.427
202000.000000000 21.4392
204000.000000000 21.4505
206000.000000000 21.4629
208000.000000000 21.4746
210000.000000000 21.4858
212000.000000000 21.4974
214000.000000000 21.5048
216000.000000000 21.5032
218000.000000000 21.5146
220000.000000000 21.5212
222000.000000000 21.5195
224000.000000000 21.5303
226000.000000000 21.529
228000.000000000 21.5234
230000.000000000 21.5181
232000.000000000 21.4902
234000.000000000 21.4522
236000.000000000 21.4108
238000.000000000 21.3691
240000.000000000 21.3343
242000.000000000 21.3025
244000.000000000 21.2697
246000.000000000 21.2472
248000.000000000 21.2322
250000.000000000 21.2206
252000.000000000 21.2022
254000.000000000 21.1975
256000.000000000 21.1932
258000.000000000 21.1891
260000.000000000 21.1977
262000.000000000 21.2071
264000.000000000 21.2111
266000.000000000 21.2071
268000.000000000 21.2032
270000.000000000 21.1991
272000.000000000 21.1945
274000.000000000 21.2017
276000.000000000 21.2106
278000.000000000 21.2189
280000.000000000 21.2239
282000.000000000 21.2194
284000.000000000 21.222
286000.000000000 21.2307
288000.000000000 21.2396
290000.000000000 21.243
292000.000000000 21.2397
294000.000000000 21.2352
296000.000000000 21.2261
298000.000000000 21.2242
300000.000000000 21.2322
302000.000000000 21.2403
304000.000000000 21.2485
306000.000000000 21.2562
308000.000000000 21.2641
310000.000000000 21.272
312000.000000000 21.2799
314000.000000000 21.2877
316000.000000000 21.2956
318000.000000000 21.2937
320000.000000000 21.2881
322000.000000000 21.2811
324000.000000000 21.2846
326000.000000000 21.2922
328000.000000000 21.2999
330000.000000000 21.3075
332000.000000000 21.3071
334000.000000000 21.3032
336000.000000000 21.2985
338000.000000000 21.301
340000.000000000 21.3057
342000.000000000 21.3021
344000.000000000 21.298
346000.000000000 21.2938
348000.000000000 21.296
350000.000000000 21.3033
352000.000000000 21.3101
354000.000000000 21.3168
356000.000000000 21.3236
358000.000000000 21.3304
360000.000000000 21.337
362000.000000000 21.3437
364000.000000000 21.3502
366000.000000000 21.3549
368000.000000000 21.3544
370000.000000000 21.3603
372000.000000000 21.3556
374000.000000000 21.3521
376000.000000000 21.3482
378000.000000000 21.3449
380000.000000000 21.345
382000.000000000 21.3494
384000.000000000 21.3554
386000.000000000 21.3615
388000.000000000 21.3675
390000.000000000 21.3736
392000.000000000 21.3796
394000.000000000 21.3859
396000.000000000 21.3915
398000.000000000 21.3973
400000.000000000 21.403
