#average std_dev
20 2.82674 0.146242
40 4.67896 0.144222
60 6.98827 0.283357
80 9.02661 0.273659
100 10.9603 0.453345
120 12.6668 0.491984
140 14.1921 0.385232
160 15.6728 0.428481
180 16.919 0.387494
200 18.1309 0.361762
220 19.2532 0.384806
240 20.4219 0.51033
260 21.318 0.486081
280 22.1471 0.417225
300 23.0393 0.394279
320 23.9771 0.441312
340 24.8904 0.347535
360 25.6958 0.37945
380 26.3973 0.206873
400 26.8193 0.884703
420 26.3963 2.60411
440 25.6597 4.11146
460 24.3647 6.03839
480 22.6141 7.58802
500 20.6375 8.669
520 18.6928 8.46945
540 16.6557 8.65237
560 14.972 8.54137
580 13.7459 8.78329
600 13.1469 9.10372
620 12.4468 8.55947
640 12.2125 7.89593
660 11.963 7.2236
680 11.6004 6.3206
700 11.0033 4.808
720 10.0447 3.79595
740 9.41757 2.83116
760 9.07273 2.29225
780 9.03672 2.3676
800 9.20161 2.38315
820 9.63563 2.48846
840 9.76055 2.47362
860 10.1814 2.36506
880 10.1117 2.23921
900 10.2231 2.3067
920 10.3057 2.45307
940 10.4192 2.17753
960 10.4255 2.15583
980 10.6222 1.94349
1000 10.2893 1.96201
1020 10.4701 1.92159
1040 10.6497 1.98608
1060 10.7029 1.70392
1080 10.914 1.67137
1100 11.0451 1.65642
1120 10.9996 1.73989
1140 10.9597 1.84432
1160 10.8088 1.80291
1180 10.4931 1.26689
1200 10.2553 1.4749
1220 10.113 1.4755
1240 10.0792 1.45304
1260 10.1234 1.56614
1280 9.84538 1.5977
1300 9.58336 1.45474
1320 9.36604 1.35349
1340 9.40483 1.4542
1360 9.37488 1.45491
1380 9.25124 1.249
1400 9.21947 1.26951
1420 9.29369 1.43121
1440 9.26219 1.64737
1460 9.27617 1.38655
1480 9.39849 1.31515
1500 9.37203 1.40253
1520 9.27136 1.45714
1540 9.49046 1.42097
1560 9.64979 1.4317
1580 9.68191 1.31433
1600 9.67219 1.263
1620 9.59618 1.34201
1640 9.62709 1.30896
1660 9.66699 1.33119
1680 9.68059 1.35415
1700 9.56472 1.24315
1720 9.30199 0.929548
1740 9.19531 1.13153
1760 9.14337 1.14026
1780 9.18937 1.22615
1800 9.38517 1.17696
1820 9.31788 1.14893
1840 9.46024 1.05406
1860 9.46527 0.97258
1880 9.58813 0.880036
1900 9.64082 0.764986
1920 9.72294 0.697449
1940 9.72187 0.566142
1960 9.70251 0.569614
1980 9.75026 0.699422
2000 9.79545 0.972011
2020 9.72238 0.931538
2040 9.7445 0.952764
2060 9.67026 0.788006
2080 9.71606 0.755581
2100 9.77295 0.844311
2120 9.88189 0.922046
2140 9.79111 0.976765
2160 9.67663 1.1691
2180 9.65398 1.06959
2200 9.54015 1.19567
2220 9.50713 1.22371
2240 9.52604 1.18857
2260 9.53596 1.2644
2280 9.47012 1.26
2300 9.52441 1.26934
2320 9.46521 1.12697
2340 9.37102 0.982544
2360 9.38611 0.89259
2380 9.47428 0.847587
2400 9.57099 0.854231
2420 9.58045 0.892014
2440 9.49819 0.864647
2460 9.24206 0.765287
2480 9.15932 0.762455
2500 9.29381 0.705668
2520 9.26872 0.551131
2540 9.34521 0.677082
2560 9.24768 0.629869
2580 9.27219 0.5968
2600 9.25512 0.669102
2620 9.26759 0.707843
2640 9.32215 0.734291
2660 9.22219 0.700259
2680 9.15017 0.872358
2700 9.08031 0.941655
2720 9.23609 0.94933
2740 9.25955 0.978638
2760 9.16112 1.00188
2780 9.08404 0.962296
2800 9.09412 1.00345
2820 9.21128 1.00602
2840 9.25466 1.06366
2860 9.22419 1.01231
2880 9.22474 0.759992
2900 9.22563 0.581836
2920 9.14392 0.628452
2940 9.08787 0.722454
2960 9.05161 0.758239
2980 9.04913 0.758683
3000 8.94234 0.58257
3020 8.9886 0.60643
3040 9.11583 0.582333
3060 9.1968 0.639704
3080 9.09577 0.796615
3100 9.08171 0.850781
3120 9.12579 0.843145
3140 9.22068 0.821802
3160 9.29838 0.83967
3180 9.38427 0.879251
3200 9.37593 0.873702
3220 9.38301 0.793518
3240 9.39088 0.753697
3260 9.42927 0.795483
3280 9.41947 0.748606
3300 9.44213 0.681571
3320 9.45702 0.647109
3340 9.41634 0.589275
3360 9.49077 0.537659
3380 9.34586 0.502746
3400 9.32252 0.44743
3420 9.27259 0.443879
3440 9.29652 0.451525
3460 9.39961 0.484356
3480 9.40154 0.447566
3500 9.4937 0.436941
3520 9.55521 0.430368
3540 9.43582 0.579474
3560 9.32957 0.493919
3580 9.3468 0.455699
3600 9.37839 0.533497
3620 9.37855 0.515252
3640 9.38503 0.535967
3660 9.23896 0.63058
3680 9.28007 0.574314
3700 9.37814 0.595312
3720 9.44061 0.61343
3740 9.49134 0.64331
3760 9.49513 0.699271
3780 9.54218 0.631588
3800 9.57914 0.708843
3820 9.53072 0.652414
3840 9.53345 0.671907
3860 9.53773 0.640667
3880 9.54415 0.62979
3900 9.57579 0.613525
3920 9.533 0.709082
3940 9.51032 0.747386
3960 9.53094 0.763874
3980 9.47327 0.901316
4000 9.39858 0.862959
4020 9.3988 0.951664
4040 9.45778 0.953949
4060 9.51372 0.965221
4080 9.43929 0.965549
4100 9.37785 1.0039
4120 9.37113 1.04466
4140 9.3673 1.08138
4160 9.38629 1.02816
4180 9.37017 0.986155
4200 9.42977 0.99103
4220 9.45151 0.920654
4240 9.41008 0.820244
4260 9.45927 0.776101
4280 9.50905 0.818655
4300 9.46656 0.809565
4320 9.38054 0.842874
4340 9.31326 0.831385
4360 9.28827 0.818198
4380 9.2482 0.882021
4400 9.2799 0.884064
4420 9.29744 0.851262
4440 9.28906 0.794365
4460 9.30487 0.842932
4480 9.3218 0.758056
4500 9.33228 0.74578
4520 9.35169 0.730811
4540 9.35984 0.752157
4560 9.37872 0.683783
4580 9.31805 0.676384
4600 9.30834 0.680437
4620 9.20049 0.690998
4640 9.17813 0.674864
4660 9.17532 0.716406
4680 9.16801 0.675629
4700 9.19696 0.667967
4720 9.20242 0.612423
4740 9.23342 0.619069
4760 9.2884 0.708171
4780 9.30545 0.706599
4800 9.35884 0.696479
4820 9.31727 0.652138
4840 9.3762 0.650262
4860 9.33092 0.646843
4880 9.33245 0.687587
4900 9.3413 0.750397
4920 9.32928 0.745916
4940 9.35264 0.777955
4960 9.36219 0.780552
4980 9.37653 0.736163
5000 9.36907 0.696082
5020 9.35183 0.695915
5040 9.33826 0.688116
5060 9.39113 0.706304
5080 9.37088 0.797169
5100 9.406 0.835576
5120 9.45613 0.923347
5140 9.46148 0.937689
5160 9.46574 0.961835
5180 9.42765 0.900905
5200 9.43491 0.853111
5220 9.45352 0.90809
5240 9.43248 0.945126
5260 9.47527 0.886981
5280 9.50014 0.882136
5300 9.41616 0.833898
5320 9.48831 0.850671
5340 9.47368 0.836357
5360 9.50414 0.840576
5380 9.52713 0.76677
5400 9.52133 0.732604
5420 9.51632 0.800838
5440 9.47141 0.759824
5460 9.44109 0.736109
5480 9.43922 0.760744
5500 9.46601 0.691338
5520 9.47775 0.650072
5540 9.4982 0.574644
5560 9.46861 0.58942
5580 9.50776 0.57049
5600 9.5021 0.573798
5620 9.47321 0.673033
5640 9.47224 0.64326
5660 9.51312 0.626512
5680 9.53295 0.594583
5700 9.54707 0.581724
5720 9.54839 0.58534
5740 9.55612 0.555241
5760 9.57814 0.510373
5780 9.55883 0.560276
5800 9.51412 0.626348
5820 9.53608 0.674228
5840 9.57455 0.67565
5860 9.56512 0.655011
5880 9.58103 0.605588
5900 9.60263 0.548378
5920 9.65051 0.5367
5940 9.61773 0.460008
5960 9.61818 0.43969
5980 9.64273 0.412431
6000 9.5882 0.391239
6020 9.50179 0.431293
6040 9.42105 0.545222
6060 9.47801 0.533526
6080 9.52824 0.528032
6100 9.45986 0.444306
6120 9.48449 0.48394
6140 9.47552 0.470766
6160 9.52848 0.459235
6180 9.57536 0.475096
6200 9.58993 0.437729
6220 9.6144 0.408564
6240 9.59448 0.428892
6260 9.62019 0.436298
6280 9.67574 0.46585
6300 9.66017 0.467453
6320 9.60772 0.478724
6340 9.62802 0.459104
6360 9.67636 0.460552
6380 9.7134 0.443116
6400 9.70915 0.543937
6420 9.65945 0.469247
6440 9.62103 0.433647
6460 9.63457 0.457622
6480 9.63422 0.420305
6500 9.63682 0.415582
6520 9.66935 0.457755
6540 9.70482 0.491467
6560 9.58553 0.480281
6580 9.61072 0.517533
6600 9.59284 0.5226
6620 9.57064 0.520311
6640 9.62529 0.532523
6660 9.61161 0.551022
6680 9.63018 0.560176
6700 9.66891 0.555388
6720 9.66374 0.606218
6740 9.71975 0.583741
6760 9.74142 0.588681
6780 9.74802 0.564613
6800 9.71626 0.553836
6820 9.66572 0.570546
6840 9.55005 0.561689
6860 9.54728 0.555008
6880 9.60451 0.538723
6900 9.59965 0.529898
6920 9.55522 0.514697
6940 9.54318 0.469021
6960 9.44765 0.423366
6980 9.46923 0.378506
7000 9.46798 0.422028
7020 9.40946 0.504574
7040 9.39131 0.500964
7060 9.40241 0.489355
7080 9.41866 0.45983
7100 9.42127 0.438262
7120 9.42159 0.466248
7140 9.42416 0.444905
7160 9.42277 0.454719
7180 9.4256 0.530449
7200 9.45433 0.550077
7220 9.44452 0.552962
7240 9.44171 0.542022
7260 9.39619 0.488606
7280 9.41998 0.479648
7300 9.44764 0.462322
7320 9.47484 0.449539
7340 9.494 0.429718
7360 9.51041 0.423531
7380 9.48772 0.335169
7400 9.50254 0.344216
7420 9.50751 0.324941
7440 9.51659 0.317018
7460 9.54753 0.323065
7480 9.58254 0.362476
7500 9.62111 0.405658
7520 9.59047 0.438344
7540 9.60383 0.458189
7560 9.56877 0.392839
7580 9.57322 0.354632
7600 9.55203 0.382914
7620 9.53532 0.376969
7640 9.53811 0.382778
7660 9.50901 0.386385
7680 9.44157 0.524754
7700 9.48376 0.539606
7720 9.52822 0.522927
7740 9.51182 0.518071
7760 9.54192 0.486935
7780 9.533 0.444051
7800 9.55882 0.442212
7820 9.43954 0.450175
7840 9.41928 0.465086
7860 9.38084 0.479124
7880 9.34704 0.489917
7900 9.25803 0.442027
7920 9.27921 0.448434
7940 9.32507 0.441249
7960 9.33701 0.450983
7980 9.32243 0.470876
8000 9.31164 0.398228
8020 9.30373 0.399544
8040 9.3377 0.406861
8060 9.3323 0.440923
8080 9.36888 0.466381
8100 9.37034 0.480367
8120 9.36237 0.506316
8140 9.40826 0.530944
8160 9.41019 0.525128
8180 9.45599 0.461139
8200 9.49408 0.420612
8220 9.52389 0.453155
8240 9.53487 0.480917
8260 9.51391 0.472511
8280 9.53045 0.481595
8300 9.51007 0.47292
8320 9.50353 0.435794
8340 9.51757 0.445511
8360 9.47327 0.484924
8380 9.46152 0.531754
8400 9.46338 0.544802
8420 9.4653 0.581026
8440 9.52485 0.556872
8460 9.5612 0.582892
8480 9.56293 0.574249
8500 9.60847 0.571274
8520 9.61449 0.567413
8540 9.56992 0.574051
8560 9.55384 0.621077
8580 9.59568 0.603532
8600 9.62334 0.565903
8620 9.60343 0.537073
8640 9.65156 0.521687
8660 9.69494 0.528493
8680 9.7369 0.513157
8700 9.72031 0.524891
8720 9.73302 0.568848
8740 9.7552 0.570302
8760 9.78897 0.54981
8780 9.77941 0.590577
8800 9.79005 0.601642
8820 9.79484 0.618588
8840 9.7786 0.572535
8860 9.71918 0.600271
8880 9.71051 0.588898
8900 9.74553 0.624166
8920 9.73359 0.670792
8940 9.75037 0.679877
8960 9.78197 0.684881
8980 9.7966 0.687473
9000 9.8453 0.6755
9020 9.84367 0.681192
9040 9.78349 0.723751
9060 9.75691 0.716005
9080 9.7522 0.667892
9100 9.71162 0.704752
9120 9.68491 0.688007
9140 9.67262 0.688799
9160 9.62013 0.633291
9180 9.66209 0.630216
9200 9.64689 0.641757
9220 9.61336 0.609074
9240 9.63301 0.630374
9260 9.63355 0.642437
9280 9.61852 0.603604
9300 9.60962 0.599644
9320 9.5985 0.56823
9340 9.56761 0.467253
9360 9.57098 0.432632
9380 9.58495 0.439945
9400 9.58316 0.460415
9420 9.52408 0.45582
9440 9.51085 0.479182
9460 9.49387 0.470976
9480 9.4854 0.415411
9500 9.48621 0.447442
9520 9.51271 0.42103
9540 9.52621 0.448351
9560 9.53883 0.440168
9580 9.59462 0.456877
9600 9.58161 0.443982
9620 9.54323 0.467407
9640 9.51783 0.458864
9660 9.52964 0.457695
9680 9.51208 0.463783
9700 9.49517 0.476141
9720 9.50904 0.48373
9740 9.48358 0.514229
9760 9.46691 0.522575
9780 9.45599 0.471554
9800 9.43973 0.491172
9820 9.43423 0.523525
9840 9.42866 0.48421
9860 9.44237 0.492143
9880 9.42763 0.457396
9900 9.45873 0.470179
9920 9.48109 0.462858
9940 9.4973 0.484222
9960 9.47723 0.497908
9980 9.514 0.497867
10000 9.54044 0.497489
