#x  FES  der_FES_x
-3.0 71.7293275622 -130.40685401
-2.99399399399 70.9461032138 -129.908026633
-2.98798798799 70.1688707859 -128.912589087
-2.98198198198 69.3976036452 -127.921581561
-2.97597597598 68.6322752116 -126.934995251
-2.96996996997 67.8728589575 -125.95282136
-2.96396396396 67.1193284084 -124.975051086
-2.95795795796 66.3716571426 -124.001675634
-2.95195195195 65.6298187912 -123.032686205
-2.94594594595 64.8937870381 -122.068074004
-2.93993993994 64.16353562 -121.107830236
-2.93393393393 63.4390383265 -120.151946108
-2.92792792793 62.7202690001 -119.200412827
-2.92192192192 62.0072015358 -118.253221602
-2.91591591592 61.2998098817 -117.310363644
-2.90990990991 60.5980680386 -116.371830163
-2.9039039039 59.90195006 -115.437612372
-2.8978978979 59.2114300522 -114.507701484
-2.89189189189 58.5264821743 -113.582088714
-2.88588588589 57.8470806382 -112.660765279
-2.87987987988 57.1731997085 -111.743722396
-2.87387387387 56.5048137025 -110.830951283
-2.86786786787 55.8418969903 -109.922443161
-2.86186186186 55.1844239948 -109.018189251
-2.85585585586 54.5323691915 -108.118180777
-2.84984984985 53.8857071086 -107.222408961
-2.84384384384 53.2444123271 -106.330865031
-2.83783783784 52.6084594806 -105.443540213
-2.83183183183 51.9778232555 -104.560425735
-2.82582582583 51.3524783907 -103.681512829
-2.81981981982 50.732399678 -102.806792724
-2.81381381381 50.1175619616 -101.936256655
-2.80780780781 49.5079401386 -101.069895856
-2.8018018018 48.9035091585 -100.207701563
-2.7957957958 48.3042440237 -99.3496650138
-2.78978978979 47.710119789 -98.4957774485
-2.78378378378 47.1211115619 -97.6460301079
-2.77777777778 46.5371945024 -96.8004142347
-2.77177177177 45.9583438233 -95.9589210737
-2.76576576577 45.3845347898 -95.1215418709
-2.75975975976 44.8157427198 -94.2882678744
-2.75375375375 44.2519429835 -93.4590903342
-2.74774774775 43.693111004 -92.6340005017
-2.74174174174 43.1392222568 -91.8129896306
-2.73573573574 42.5902522697 -90.9960489762
-2.72972972973 42.0461766234 -90.1831697959
-2.72372372372 41.5069709509 -89.3743433488
-2.71771771772 40.9726109376 -88.5695608963
-2.71171171171 40.4430723215 -87.7688137015
-2.70570570571 39.9183308931 -86.9720930297
-2.6996996997 39.3983624953 -86.1793901484
-2.69369369369 38.8831430234 -85.3906963269
-2.68768768769 38.3726484253 -84.6060028369
-2.68168168168 37.8668547011 -83.8253009522
-2.67567567568 37.3657379034 -83.0485819487
-2.66966966967 36.8692741371 -82.2758371049
-2.66366366366 36.3774395598 -81.5070577011
-2.65765765766 35.890210381 -80.7422350204
-2.65165165165 35.4075628628 -79.9813603479
-2.64564564565 34.9294733197 -79.2244249714
-2.63963963964 34.4559181184 -78.4714201809
-2.63363363363 33.9868736779 -77.7223372691
-2.62762762763 33.5223164695 -76.9771675311
-2.62162162162 33.0622230169 -76.2359022646
-2.61561561562 32.6065698958 -75.49853277
-2.60960960961 32.1553337344 -74.7650503502
-2.6036036036 31.7084912129 -74.035446311
-2.5975975976 31.266019064 -73.3097119609
-2.59159159159 30.8278940722 -72.5878386111
-2.58558558559 30.3940930746 -71.8698175757
-2.57957957958 29.9645929602 -71.1556401719
-2.57357357357 29.5393706702 -70.4452977195
-2.56756756757 29.1184031978 -69.7387815415
-2.56156156156 28.7016675886 -69.0360829641
-2.55555555556 28.28914094 -68.3371933163
-2.54954954955 27.8808004016 -67.6421039304
-2.54354354354 27.4766231751 -66.9508061421
-2.53753753754 27.076586514 -66.2632912901
-2.53153153153 26.6806677241 -65.5795507166
-2.52552552553 26.2888441631 -64.8995757671
-2.51951951952 25.9010932404 -64.2233577905
-2.51351351351 25.5173924178 -63.5508881395
-2.50750750751 25.1377192087 -62.8821581701
-2.5015015015 24.7620511785 -62.217159242
-2.4954954955 24.3903659446 -61.5558827187
-2.48948948949 24.0226411759 -60.8983199673
-2.48348348348 23.6588545936 -60.2444623589
-2.47747747748 23.2989839704 -59.5943012685
-2.47147147147 22.9430071309 -58.947828075
-2.46546546547 22.5909019515 -58.3050341614
-2.45945945946 22.2426463602 -57.6659109148
-2.45345345345 21.8982183369 -57.0304497266
-2.44744744745 21.557595913 -56.3986419923
-2.44144144144 21.2207571718 -55.7704791119
-2.43543543544 20.887680248 -55.1459524897
-2.42942942943 20.5583433281 -54.5250535349
-2.42342342342 20.23272465 -53.9077736607
-2.41741741742 19.9108025034 -53.2941042855
-2.41141141141 19.5925552292 -52.6840368321
-2.40540540541 19.2779612201 -52.0775627286
-2.3993993994 18.9669989201 -51.4746734076
-2.39339339339 18.6596468248 -50.875360307
-2.38738738739 18.355883481 -50.2796148699
-2.38138138138 18.055687487 -49.6874285443
-2.37537537538 17.7590374925 -49.098792784
-2.36936936937 17.4659121983 -48.5136990479
-2.36336336336 17.1762903568 -47.9321388005
-2.35735735736 16.8901507713 -47.354103512
-2.35135135135 16.6074722966 -46.7795846584
-2.34534534535 16.3282338385 -46.2085737215
-2.33933933934 16.052414354 -45.6410621891
-2.33333333333 15.7799928512 -45.077041555
-2.32732732733 15.5109483893 -44.5165033194
-2.32132132132 15.2452600786 -43.9594389886
-2.31531531532 14.9829070802 -43.4058400755
-2.30930930931 14.7238686062 -42.8556980995
-2.3033033033 14.4681239198 -42.3090045867
-2.2972972973 14.2156523349 -41.7657510702
-2.29129129129 13.9664332163 -41.2259290899
-2.28528528529 13.7204459795 -40.6895301927
-2.27927927928 13.4776700908 -40.1565459329
-2.27327327327 13.2380850674 -39.6269678723
-2.26726726727 13.0016704767 -39.1007875799
-2.26126126126 12.7684059373 -38.5779966327
-2.25525525526 12.5382711178 -38.0585866153
-2.24924924925 12.3112457377 -37.5425491204
-2.24324324324 12.0873095668 -37.0298757489
-2.23723723724 11.8664424254 -36.5205581097
-2.23123123123 11.6486241841 -36.0145878205
-2.22522522523 11.4338347639 -35.5119565076
-2.21921921922 11.222054136 -35.012655806
-2.21321321321 11.0132623218 -34.5166773597
-2.20720720721 10.8074393929 -34.0240128219
-2.2012012012 10.6045654711 -33.5346538551
-2.1951951952 10.404620728 -33.0485921316
-2.18918918919 10.2075853854 -32.5658193331
-2.18318318318 10.013439715 -32.0863271514
-2.17717717718 9.82216403823 -31.6101072885
-2.17117117117 9.63373872651 -31.1371514566
-2.16516516517 9.44814420091 -30.6674513785
-2.15915915916 9.26536093218 -30.200998788
-2.15315315315 9.08536944069 -29.7377854296
-2.14714714715 8.90815029639 -29.2778030591
-2.14114114114 8.73368411866 -28.8210434439
-2.13513513514 8.56195157634 -28.3674983629
-2.12912912913 8.39293338758 -27.9171596072
-2.12312312312 8.2266103198 -27.4700189797
-2.11711711712 8.06296318962 -27.0260682962
-2.11111111111 7.90197286279 -26.5852993848
-2.10510510511 7.74362025407 -26.1477040868
-2.0990990991 7.58788632721 -25.7132742567
-2.09309309309 7.43475209483 -25.2820017624
-2.08708708709 7.28419861835 -24.8538784858
-2.08108108108 7.13620700791 -24.4288963227
-2.07507507508 6.99075842228 -24.0070471835
-2.06906906907 6.84783406877 -23.5883229931
-2.06306306306 6.70741520315 -23.1727156915
-2.05705705706 6.56948312954 -22.760217234
-2.05105105105 6.43401920034 -22.3508195915
-2.04504504505 6.30100481612 -21.9445147511
-2.03903903904 6.17042142555 -21.5412947161
-2.03303303303 6.04225052524 -21.1411515063
-2.02702702703 5.91647365971 -20.7440771589
-2.02102102102 5.79307242123 -20.3500637283
-2.01501501502 5.67202844976 -19.9591032866
-2.00900900901 5.5533234328 -19.5711879242
-2.003003003 5.43693910532 -19.18630975
-1.996996997 5.32285724962 -18.804460892
-1.99099099099 5.21105969521 -18.4256334975
-1.98498498498 5.10152831872 -18.0498197333
-1.97897897898 4.99424504376 -17.677011787
-1.97297297297 4.8891918408 -17.3072018663
-1.96696696697 4.78635072704 -16.9403822005
-1.96096096096 4.68570376632 -16.57654504
-1.95495495495 4.58723306891 -16.2156826576
-1.94894894895 4.49092079145 -15.8577873487
-1.94294294294 4.39674913679 -15.5028514313
-1.93693693694 4.30470035384 -15.1508672474
-1.93093093093 4.21475673742 -14.8018271627
-1.92492492492 4.12690062816 -14.4557235679
-1.91891891892 4.04111441228 -14.1125488783
-1.91291291291 3.95738052151 -13.7722955353
-1.90690690691 3.87568143288 -13.4349560065
-1.9009009009 3.79599966858 -13.1005227862
-1.89489489489 3.71831779581 -12.7689883961
-1.88888888889 3.64261842658 -12.4403453862
-1.88288288288 3.5688842176 -12.1145863348
-1.87687687688 3.49709787001 -11.7917038499
-1.87087087087 3.42724212931 -11.4716905692
-1.86486486486 3.3592997851 -11.154539161
-1.85885885886 3.29325367092 -10.8402423251
-1.85285285285 3.22908666407 -10.5287927932
-1.84684684685 3.16678168541 -10.2201833296
-1.84084084084 3.10632169915 -9.91440673232
-1.83483483483 3.04768971265 -9.61145583332
-1.82882882883 2.99086877623 -9.3113234997
-1.82282282282 2.93584198293 -9.01400263421
-1.81681681682 2.88259246831 -8.71948617622
-1.81081081081 2.83110341024 -8.42776710241
-1.8048048048 2.78135802864 -8.13883842771
-1.7987987988 2.73333958528 -7.85269320608
-1.79279279279 2.68703138352 -7.56932453143
-1.78678678679 2.64241676809 -7.28872553851
-1.78078078078 2.5994791248 -7.01088940381
-1.77477477477 2.55820188035 -6.73580934649
-1.76876876877 2.51856850202 -6.46347862937
-1.76276276276 2.48056249742 -6.19389055987
-1.75675675676 2.44416741422 -5.92703849105
-1.75075075075 2.40936683987 -5.66291582259
-1.74474474474 2.37614440133 -5.40151600183
-1.73873873874 2.34448376477 -5.1428325249
-1.73273273273 2.31436863527 -4.88685893773
-1.72672672673 2.28578275651 -4.63358883722
-1.72072072072 2.2587099105 -4.38301587232
-1.71471471471 2.2331339172 -4.13513374528
-1.70870870871 2.20903863428 -3.88993621272
-1.7027027027 2.18640795669 -3.64741708695
-1.6966966967 2.16522581642 -3.40757023713
-1.69069069069 2.14547618207 -3.17038959056
-1.68468468468 2.12714305857 -2.93586913398
-1.67867867868 2.11021048677 -2.70400291486
-1.67267267267 2.09466254308 -2.47478504276
-1.66666666667 2.08048333911 -2.24820969069
-1.66066066066 2.06765702127 -2.02427109652
-1.65465465465 2.05616777038 -1.8029635644
-1.64864864865 2.04599980127 -1.5842814662
-1.64264264264 2.03713736238 -1.36821924302
-1.63663663664 2.02956473529 -1.15477140669
-1.63063063063 2.02326623437 -0.943932541329
-1.62462462462 2.01822620627 -0.735697304891
-1.61861861862 2.01442902951 -0.53006043081
-1.61261261261 2.011859114 -0.327016729623
-1.60660660661 2.01050090062 -0.126561090642
-1.6006006006 2.01033886066 0.0713115163333
-1.59459459459 2.01135749541 0.266606039275
-1.58858858859 2.01354133561 0.459327342147
-1.58258258258 2.01687494096 0.64948020309
-1.57657657658 2.02134289961 0.837069312568
-1.57057057057 2.0269298276 1.02209927148
-1.56456456456 2.03362036834 1.20457458921
-1.55855855856 2.04139919204 1.38449968167
-1.55255255255 2.05025099514 1.56187886927
-1.54654654655 2.06016049977 1.73671637484
-1.54054054054 2.0711124531 1.90901632149
-1.53453453453 2.08309162676 2.0787827305
-1.52852852853 2.09608281623 2.24601951902
-1.52252252252 2.1100708402 2.41073049778
-1.51651651652 2.12504053993 2.57291936879
-1.51051051051 2.14097677856 2.7325897228
-1.5045045045 2.1578644405 2.88974503688
-1.4984984985 2.17568843066 3.04438867176
-1.49249249249 2.1944336738 3.19652386911
-1.48648648649 2.21408511377 3.34615374875
-1.48048048048 2.23462771282 3.49328130571
-1.47447447447 2.25604645078 3.63790940711
-1.46846846847 2.27832632432 3.78004078896
-1.46246246246 2.30145234614 3.91967805268
-1.45645645646 2.32540954417 4.05682366153
-1.45045045045 2.35018296069 4.19147993669
-1.44444444444 2.37575765152 4.32364905314
-1.43843843844 2.40211868506 4.45333303519
-1.43243243243 2.42925114143 4.5805337517
-1.42642642643 2.4571401115 4.70525291076
-1.42042042042 2.48577069591 4.82749205402
-1.41441441441 2.51512800404 4.94725255037
-1.40840840841 2.54519715297 5.06453558898
-1.4024024024 2.57596326637 5.17934217153
-1.3963963964 2.60741147335 5.29167310359
-1.39039039039 2.63952690726 5.40152898491
-1.38438438438 2.6722947044 5.50891019845
-1.37837837838 2.70570000273 5.613816898
-1.37237237237 2.73972794041 5.71624899404
-1.36636636637 2.77436365431 5.81620613763
-1.36036036036 2.8095922784 5.9136877019
-1.35435435435 2.84539894202 6.00869276082
-1.34834834835 2.88176876802 6.10122006467
-1.34234234234 2.91868687073 6.19126801166
-1.33633633634 2.95613835375 6.27883461506
-1.33033033033 2.99410830755 6.36391746501
-1.32432432432 3.03258180678 6.44651368398
-1.31831831832 3.07154390735 6.52661987501
-1.31231231231 3.11097964312 6.6042320611
-1.30630630631 3.1508740222 6.67934561448
-1.3003003003 3.19121202287 6.75195517384
-1.29429429429 3.23197858885 6.82205454735
-1.28828828829 3.27315862404 6.88963659908
-1.28228228228 3.31473698644 6.9546931159
-1.27627627628 3.35669848129 7.01721465138
-1.27027027027 3.39902785312 7.07719034274
-1.26426426426 3.4417097767 7.13460769625
-1.25825825826 3.48472884647 7.18945233568
-1.25225225225 3.52806956451 7.24170770741
-1.24624624625 3.57171632644 7.29135473517
-1.24024024024 3.61565340518 7.33837141567
-1.23423423423 3.65986493204 7.38273234585
-1.22822822823 3.7043348748 7.4244081702
-1.22222222222 3.74904701216 7.46336493569
-1.21621621622 3.79398490405 7.49956333969
-1.21021021021 3.83913185708 7.53295785426
-1.2042042042 3.88447088428 7.56349570819
-1.1981981982 3.92998465838 7.5911157057
-1.19219219219 3.97565545733 7.61574685845
-1.18618618619 4.02146510112 7.63730680442
-1.18018018018 4.0673948784 7.65569998535
-1.17417417417 4.11342546131 7.67081555108
-1.16816816817 4.15953680694 7.68252495736
-1.16216216216 4.20570804338 7.6906792212
-1.15615615616 4.25191733813 7.69510579682
-1.15015015015 4.29814174664 7.69560503433
-1.14414414414 4.34435703824 7.69194618453
-1.13813813814 4.39053749661 7.68386291555
-1.13213213213 4.43665569188 7.67104831266
-1.12612612613 4.48268222108 7.65314934096
-1.12012012012 4.52858541369 7.62976076397
-1.11411411411 4.57433099903 7.60041852992
-1.10810810811 4.61988173237 7.5645926636
-1.1021021021 4.66519697697 7.52167973668
-1.0960960961 4.71023223972 7.47099503535
-1.09009009009 4.75493865908 7.41176460324
-1.08408408408 4.79926244516 7.3431174118
-1.07807807808 4.84314427363 7.26407800177
-1.07207207207 4.88651863738 7.17356004945
-1.06606606607 4.92931316312 7.07036144071
-1.06006006006 4.97144790393 6.95316158236
-1.05405405405 5.01283462356 6.82052184157
-1.04804804805 5.05337609422 6.6708901703
-1.04204204204 5.09296543642 6.50261113212
-1.03603603604 5.13148553725 6.31394268156
-1.03003003003 5.16880859175 6.10308112642
-1.02402402402 5.20479582105 5.868195693
-1.01801801802 5.23929742891 5.60747397158
-1.01201201201 5.27215286575 5.31917919403
-1.00600600601 5.30319147328 5.00171973953
-1.0 5.33223358335 4.65373043873
-0.993993993994 5.35909213921 4.27416413301
-0.987987987988 5.38357489425 3.86239056689
-0.981981981982 5.4054872211 3.41829812259
-0.975975975976 5.42463553236 2.94239229254
-0.96996996997 5.44083127266 2.43588334352
-0.963963963964 5.45389539234 1.90075463161
-0.957957957958 5.46366316012 1.33980277883
-0.951951951952 5.46998911942 0.756641687416
-0.945945945946 5.47275194916 0.155664306018
-0.93993993994 5.47185896093 -0.458040842523
-0.933933933934 5.46724995706 -1.07881735269
-0.927927927928 5.45890019393 -1.70060737359
-0.921921921922 5.44682224086 -2.31714705443
-0.915915915916 5.43106659568 -2.92217787277
-0.90990990991 5.41172100515 -3.50965879295
-0.903903903904 5.3889085321 -4.07396408419
-0.897897897898 5.36278449964 -4.61005333995
-0.891891891892 5.33353251601 -5.11360347405
-0.885885885886 5.30135983328 -5.58109666255
-0.87987987988 5.26649231585 -6.0098626727
-0.873873873874 5.22916929067 -6.398078121
-0.867867867868 5.18963852461 -6.74472843716
-0.861861861862 5.14815153166 -7.0495404061
-0.855855855856 5.10495936057 -7.31289407194
-0.84984984985 5.06030896023 -7.53572265822
-0.843843843844 5.01444016948 -7.71940824383
-0.837837837838 4.96758333568 -7.8656795338
-0.831831831832 4.91995753244 -7.97651645839
-0.825825825826 4.87176932416 -8.05406474887
-0.81981981982 4.82321200993 -8.10056222768
-0.813813813814 4.77446527338 -8.1182773989
-0.807807807808 4.7256951643 -8.10946005963
-0.801801801802 4.67705434173 -8.07630306129
-0.795795795796 4.62868251492 -8.02091399404
-0.78978978979 4.58070702649 -7.94529540073
-0.783783783784 4.53324353112 -7.85133209821
-0.777777777778 4.48639673102 -7.74078425101
-0.771771771772 4.44026113772 -7.61528496673
-0.765765765766 4.39492183652 -7.47634133704
-0.75975975976 4.35045523577 -7.32533801152
-0.753753753754 4.30692978833 -7.16354255106
-0.747747747748 4.2644066766 -6.99211195373
-0.741741741742 4.22294045556 -6.81209987563
-0.735735735736 4.18257965107 -6.62446418
-0.72972972973 4.14336731225 -6.43007454026
-0.723723723724 4.10534151845 -6.22971989803
-0.717717717718 4.06853584201 -6.02411563757
-0.711711711712 4.03297976905 -5.81391038517
-0.705705705706 3.99869908062 -5.59969237847
-0.6996996997 3.96571619694 -5.38199537801
-0.693693693694 3.93405048749 -5.16130411361
-0.687687687688 3.90371854993 -4.93805927235
-0.681681681682 3.8747344602 -4.71266204534
-0.675675675676 3.84710999683 -4.4854782566
-0.66966966967 3.8208548415 -4.25684210168
-0.663663663664 3.79597675837 -4.02705952553
-0.657657657658 3.77248175411 -3.79641127
-0.651651651652 3.75037422059 -3.56515562077
-0.645645645646 3.72965706197 -3.33353088294
-0.63963963964 3.71033180758 -3.1017576127
-0.633633633634 3.69239871226 -2.8700406313
-0.627627627628 3.67585684505 -2.63857084528
-0.621621621622 3.66070416758 -2.40752689571
-0.615615615616 3.64693760306 -2.17707665685
-0.60960960961 3.63455309662 -1.94737860354
-0.603603603604 3.62354566788 -1.71858306454
-0.597597597598 3.61390945621 -1.49083337813
-0.591591591592 3.60563775943 -1.26426696459
-0.585585585586 3.59872306624 -1.03901632929
-0.57957957958 3.5931570828 -0.815210008999
-0.573573573574 3.58893075382 -0.592973473347
-0.567567567568 3.58603427832 -0.372429992334
-0.561561561562 3.58445712028 -0.153701480561
-0.555555555556 3.58418801429 0.0630906718793
-0.54954954955 3.58521496619 0.277824772148
-0.543543543544 3.58752524879 0.49037799164
-0.537537537538 3.59110539251 0.700625517918
-0.531531531532 3.59594117093 0.908439682437
-0.525525525526 3.60201758089 1.11368905485
-0.51951951952 3.60931881723 1.31623749466
-0.513513513514 3.61782824149 1.51594315082
-0.507507507508 3.62752834457 1.71265739985
-0.501501501502 3.63840070275 1.90622371269
-0.495495495495 3.6504259267 2.09647644061
-0.489489489489 3.66358360294 2.28323951019
-0.483483483483 3.67785222712 2.46632501762
-0.477477477477 3.69320912867 2.64553171239
-0.471471471471 3.70963038583 2.82064336118
-0.465465465465 3.72709073061 2.99142698305
-0.459459459459 3.74556344269 3.15763094817
-0.453453453453 3.76502023149 3.3189829339
-0.447447447447 3.78543110556 3.475187734
-0.441441441441 3.80676422829 3.62592491975
-0.435435435435 3.82898575925 3.77084635571
-0.429429429429 3.85205968001 3.90957357804
-0.423423423423 3.87594760403 4.04169504979
-0.417417417417 3.9006085695 4.1667633164
-0.411411411411 3.92599881503 4.28429209486
-0.405405405405 3.95207153761 4.39375334353
-0.399399399399 3.97877663298 4.49457437541
-0.393393393393 4.00606041899 4.58613509706
-0.387387387387 4.03386534285 4.66776547819
-0.381381381381 4.06212967399 4.7387433836
-0.375375375375 4.0907871853 4.79829292965
-0.369369369369 4.11976682629 4.84558356139
-0.363363363363 4.14899239324 4.87973008379
-0.357357357357 4.17838220268 4.89979391918
-0.351351351351 4.20784877665 4.90478590236
-0.345345345345 4.23729854985 4.89367096114
-0.339339339339 4.26663161102 4.86537506008
-0.333333333333 4.29574149352 4.81879480436
-0.327327327327 4.3245150321 4.7528101016
-0.321321321321 4.35283230555 4.66630025626
-0.315315315315 4.38056668682 4.55816381417
-0.309309309309 4.40758502404 4.42734237614
-0.303303303303 4.43374797663 4.27284844998
-0.297297297297 4.45891053094 4.09379720526
-0.291291291291 4.48292271783 3.88944172974
-0.285285285285 4.50563055172 3.6592110657
-0.279279279279 4.52687720511 3.40274993853
-0.273273273273 4.54650442486 3.1199587
-0.267267267267 4.56435418649 2.81103162714
-0.261261261261 4.58027057053 2.47649138595
-0.255255255255 4.59410183077 2.11721723943
-0.249249249249 4.60570260944 1.73446450296
-0.243243243243 4.61493623921 1.32987287693
-0.237237237237 4.62167705841 0.905461650268
-0.231231231231 4.62581265543 0.463610379567
-0.225225225225 4.62724595186 0.00702448529063
-0.219219219219 4.62589703363 -0.461313788079
-0.213213213213 4.6217046451 -0.938207518262
-0.207207207207 4.61462727365 -1.42031778193
-0.201201201201 4.60464377084 -1.90424339978
-0.195195195195 4.59175347906 -2.38660367231
-0.189189189189 4.57597585886 -2.86411976518
-0.183183183183 4.55734963804 -3.33369052645
-0.177177177177 4.53593152821 -3.792459012
-0.171171171171 4.51179457483 -4.23786679406
-0.165165165165 4.48502622138 -4.66769412923
-0.159159159159 4.45572617688 -5.08008514515
-0.153153153153 4.42400417759 -5.47355824974
-0.147147147147 4.38997772944 -5.84700287292
-0.141141141141 4.35376990885 -6.19966434748
-0.135135135135 4.31550728682 -6.53111918925
-0.129129129129 4.27531802669 -6.84124324654
-0.123123123123 4.23333019077 -7.13017518064
-0.117117117117 4.18967027677 -7.39827755931
-0.111111111111 4.14446199186 -7.64609754397
-0.105105105105 4.09782526123 -7.87432878294
-0.0990990990991 4.04987545993 -8.0837757322
-0.0930930930931 4.00072285003 -8.27532124745
-0.0870870870871 3.9504722017 -8.44989795325
-0.0810810810811 3.89922257432 -8.60846360897
-0.0750750750751 3.84706723343 -8.75198046504
-0.0690690690691 3.79409367984 -8.88139843436
-0.0630630630631 3.74038376875 -8.99764178789
-0.0570570570571 3.68601389861 -9.10159901344
-0.0510510510511 3.63105525207 -9.19411544196
-0.045045045045 3.57557407348 -9.27598824003
-0.039039039039 3.51963196991 -9.34796338067
-0.033033033033 3.46328622506 -9.41073423208
-0.027027027027 3.40659011727 -9.4649414387
-0.021021021021 3.34959323481 -9.5111738084
-0.015015015015 3.29234178324 -9.54996995878
-0.00900900900901 3.23487888095 -9.5818205142
-0.003003003003 3.17724484012 -9.60717068063
0.003003003003 3.11947743133 -9.62642305741
0.00900900900901 3.06161213073 -9.63994057338
0.015015015015 3.00368234937 -9.64804945922
0.021021021021 2.94571964473 -9.65104218824
0.027027027027 2.88775391468 -9.64918033558
0.033033033033 2.82981357463 -9.64269731946
0.039039039039 2.77192571865 -9.6318009999
0.045045045045 2.71411626532 -9.61667611948
0.0510510510511 2.65641008958 -9.59748657772
0.0570570570571 2.59883114127 -9.57437753638
0.0630630630631 2.54140255161 -9.54747735709
0.0690690690691 2.48414672857 -9.51689937585
0.0750750750751 2.42708544199 -9.48274352105
0.0810810810811 2.37023989949 -9.44509778322
0.0870870870871 2.31363081396 -9.40403954556
0.0930930930931 2.25727846351 -9.3596367849
0.0990990990991 2.20120274447 -9.31194915269
0.105105105105 2.14542321843 -9.26102894586
0.111111111111 2.08995915353 -9.20692197668
0.117117117117 2.03482956105 -9.14966835079
0.123123123123 1.9800532274 -9.08930316187
0.129129129129 1.92564874229 -9.02585711072
0.135135135135 1.87163452337 -8.95935705653
0.141141141141 1.81802883771 -8.88982650679
0.147147147147 1.76484982058 -8.81728605243
0.153153153153 1.71211549173 -8.74175375378
0.159159159159 1.65984376948 -8.66324548266
0.165165165165 1.60805248293 -8.58177522532
0.171171171171 1.55675938239 -8.49735535054
0.177177177177 1.50598214839 -8.40999684669
0.183183183183 1.45573839925 -8.31970953139
0.189189189189 1.40604569756 -8.22650223667
0.195195195195 1.35692155557 -8.13038297265
0.201201201201 1.30838343963 -8.031359072
0.207207207207 1.26044877392 -7.92943731758
0.213213213213 1.21313494333 -7.82462405522
0.219219219219 1.16645929578 -7.71692529325
0.225225225225 1.12043914401 -7.60634679053
0.231231231231 1.07509176676 -7.49289413426
0.237237237237 1.03043440966 -7.37657280879
0.243243243243 0.986484285578 -7.25738825657
0.249249249249 0.943258574748 -7.13534593217
0.255255255255 0.900774424531 -7.01045135021
0.261261261261 0.859048948919 -6.88271012792
0.267267267267 0.818099227799 -6.75212802311
0.273273273273 0.777942305999 -6.61871096798
0.279279279279 0.738595192148 -6.48246509935
0.285285285285 0.700074857358 -6.34339678583
0.291291291291 0.662398233759 -6.20151265215
0.297297297297 0.625582212888 -6.05681960124
0.303303303303 0.589643643955 -5.90932483412
0.309309309309 0.554599331998 -5.75903586808
0.315315315315 0.52046603593 -5.60596055327
0.321321321321 0.487260466493 -5.45010708791
0.327327327327 0.454999284123 -5.29148403241
0.333333333333 0.423699096734 -5.13010032241
0.339339339339 0.393376457428 -4.96596528103
0.345345345345 0.364047862127 -4.79908863038
0.351351351351 0.335729747153 -4.62948050244
0.357357357357 0.308438486723 -4.4571514494
0.363363363363 0.282190390403 -4.28211245367
0.369369369369 0.257001700493 -4.10437493745
0.375375375375 0.232888589353 -3.92395077207
0.381381381381 0.209867156684 -3.74085228711
0.387387387387 0.187953426745 -3.55509227933
0.393393393393 0.167163345521 -3.36668402157
0.399399399399 0.147512777837 -3.17564127149
0.405405405405 0.129017504422 -2.9819782804
0.411411411411 0.111693218913 -2.78570980198
0.417417417417 0.0955555248183 -2.58685110118
0.423423423423 0.0806199324127 -2.38541796311
0.429429429429 0.0669018555917 -2.1814267021
0.435435435435 0.0544166086638 -1.97489417085
0.441441441441 0.043179403089 -1.76583776981
0.447447447447 0.0332053441616 -1.55427545669
0.453453453453 0.0245094276333 -1.34022575624
0.459459459459 0.0171065362788 -1.12370777023
0.465465465465 0.0110114363993 -0.904741187729
0.471471471471 0.00623877426408 -0.683346295609
0.477477477477 0.00280307248808 -0.459543989436
0.483483483483 0.000718726342925 -0.233355784633
0.489489489489 0.0 -0.0048038280144
0.495495495495 0.000661022703112 0.226089090301
0.501501501502 0.00271578486848 0.459299524583
0.507507507508 0.00617813410951 0.694803360758
0.513513513514 0.0110617711839 0.932575803225
0.51951951952 0.01738024586 1.1725913612
0.525525525526 0.0251469526998 1.41482383456
0.531531531532 0.0343751267556 1.65924629915
0.537537537538 0.0450778391761 1.90583109151
0.543543543544 0.0572679927196 2.15454979306
0.54954954955 0.0709583171707 2.40537321361
0.555555555556 0.0861613646549 2.65827137421
0.561561561562 0.102889504849 2.91321348933
0.567567567568 0.121154920082 3.17016794824
0.573573573574 0.140969600323 3.42910229565
0.57957957958 0.162345338048 3.68998321151
0.585585585586 0.185293722984 3.9527764899
0.591591591592 0.209826136725 4.21744701694
0.597597597598 0.235953747212 4.48395874784
0.603603603604 0.263687503066 4.75227468267
0.60960960961 0.293038127784 5.02235684121
0.615615615616 0.324016113771 5.2941662364
0.621621621622 0.356631716209 5.5676628466
0.627627627628 0.390894946763 5.84280558645
0.633633633634 0.426815567098 6.11955227617
0.63963963964 0.464403082213 6.39785960932
0.645645645646 0.503666733576 6.67768311883
0.651651651652 0.544615492049 6.95897714112
0.657657657658 0.587258050587 7.24169477826
0.663663663664 0.631602816712 7.52578785791
0.66966966967 0.677657904736 7.81120689092
0.675675675676 0.725431127714 8.09790102636
0.681681681682 0.774929989136 8.38581800366
0.687687687688 0.826161674305 8.67490410182
0.693693693694 0.87913304141 8.9651040851
0.6996996997 0.933850612264 9.25636114511
0.705705705706 0.990320562673 9.54861683873
0.711711711712 1.04854871243 9.84181102153
0.717717717718 1.10854051488 10.1358817762
0.723723723724 1.17030104608 10.4307653354
0.72972972973 1.23383499339 10.726395998
0.735735735736 1.29914664365 11.022706039
0.741741741742 1.36623987073 11.3196256111
0.747747747748 1.43511812246 11.617082637
0.753753753754 1.50578440691 11.9150026926
0.75975975976 1.57824127793 12.2133088778
0.765765765766 1.65249081986 12.5119216747
0.771771771772 1.72853463138 12.8107587909
0.777777777778 1.80637380834 13.109734985
0.783783783784 1.88600892549 13.4087618731
0.78978978979 1.96744001702 13.707747712
0.795795795796 2.05066655567 14.0065971554
0.801801801802 2.1356874303 14.3052109803
0.807807807808 2.2225009218 14.6034857765
0.813813813814 2.31110467687 14.9013135937
0.81981981982 2.40149567968 15.1985815403
0.825825825826 2.49367022089 15.4951713223
0.831831831832 2.58762386373 15.7909587153
0.837837837838 2.68335140666 16.0858129532
0.843843843844 2.78084684215 16.3795960229
0.84984984985 2.88010331084 16.6721618424
0.855855855856 2.98111305047 16.9633553046
0.861861861862 3.08386733852 17.2530111581
0.867867867868 3.18835642774 17.5409526941
0.873873873874 3.29456947299 17.8269902031
0.87987987988 3.4024944482 18.1109191528
0.885885885886 3.5121180514 18.3925180358
0.891891891892 3.62342559577 18.6715458177
0.897897897898 3.73640088404 18.9477389087
0.903903903904 3.85102606314 19.2208075611
0.90990990991 3.96728145535 19.4904315794
0.915915915916 4.0851453614 19.7562552041
0.921921921922 4.20459383017 20.017881006
0.927927927928 4.3256003885 20.274862595
0.933933933934 4.44813572321 20.5266959107
0.93993993994 4.57216730634 20.7728088217
0.945945945946 4.6976589523 21.0125487131
0.951951951952 4.82457029389 21.2451676898
0.957957957958 4.95285616178 21.4698049688
0.963963963964 5.08246584907 21.6854659796
0.96996996997 5.21334223962 21.8909976392
0.975975975976 5.34542077566 22.0850592314
0.981981981982 5.47862823639 22.2660883069
0.987987987988 5.61288129587 22.4322610462
0.993993993994 5.74808482553 22.5814466302
1.0 5.88412990404 22.7111553659
1.00600600601 6.0208914966 22.8184806822
1.01201201201 6.15822576809 22.9000357057
1.01801801802 6.29596700057 22.9518860393
1.02402402402 6.43392409889 22.9694817064
1.03003003003 6.57187669074 22.9475931041
1.03603603604 6.7095708629 22.8802583428
1.04204204204 6.84671462879 22.7607525965
1.04804804805 6.9829732965 22.5815940064
1.05405405405 7.11796500724 22.3346050064
1.06006006006 7.25125684012 22.0110520764
1.06606606607 7.38236202918 21.601889778
1.07207207207 7.51073899961 21.098134761
1.07807807808 7.63579307736 20.4913899273
1.08408408408 7.75688182156 19.7745254691
1.09009009009 7.87332491483 18.9424999227
1.0960960961 7.98441935817 17.99327039
1.1021021021 8.08946029489 16.9286999535
1.10810810811 8.18776710536 15.7553303312
1.11411411411 8.27871351208 14.4848622491
1.12012012012 8.36175944469 13.1341902249
1.12612612613 8.43648156283 11.7248839452
1.13213213213 8.50259889148 10.2820953355
1.13813813814 8.55999021551 8.83298261582
1.14414414414 8.60870078476 7.40484968794
1.15015015015 8.64893735891 6.02326675515
1.15615615616 8.68105233738 4.71044257379
1.16216216216 8.70551925169 3.48405857669
1.16816816817 8.72290289085 2.35667140235
1.17417417417 8.73382761688 1.33567689739
1.18018018018 8.73894705778 0.423737130924
1.18618618619 8.73891755239 -0.380479307995
1.19219219219 8.73437673577 -1.08140263097
1.1981981982 8.72592773099 -1.68564918255
1.2042042042 8.71412869754 -2.20118825798
1.21021021021 8.6994870312 -2.63664431844
1.21621621622 8.68245729431 -3.00075531014
1.22222222222 8.66344192237 -3.30198281246
1.22822822823 8.64279383711 -3.54825504894
1.23423423423 8.6208202401 -3.74681740322
1.24024024024 8.59778702145 -3.90416437021
1.24624624625 8.57392337078 -4.02602944609
1.25225225225 8.54942630739 -4.11741351351
1.25825825826 8.5244649502 -4.18263663321
1.26426426426 8.49918442591 -4.22540215087
1.27027027027 8.47370936881 -4.24886537579
1.27627627628 8.44814700397 -4.25570171676
1.28228228228 8.42258982867 -4.24817112413
1.28828828829 8.3971179214 -4.22817709169
1.29429429429 8.37180091465 -4.1973194344
1.3003003003 8.34669966994 -4.1569406892
1.30630630631 8.32186769316 -4.10816637538
1.31231231231 8.29735232609 -4.05193957312
1.31831831832 8.27319574634 -3.98905038623
1.32432432432 8.24943580493 -3.92016088922
1.33033033033 8.22610672665 -3.84582614688
1.33633633634 8.20323969506 -3.76651185638
1.34234234234 8.18086334099 -3.68260911019
1.34834834835 8.15900415019 -3.59444672148
1.35435435435 8.13768680379 -3.50230149704
1.36036036036 8.11693446254 -3.40640678926
1.36636636637 8.09676900452 -3.30695961009
1.37237237237 8.07721122398 -3.20412654647
1.37837837838 8.05828099796 -3.09804867883
1.38438438438 8.03999742604 -2.98884567155
1.39039039039 8.02237894785 -2.87661917649
1.3963963964 8.00544344194 -2.76145566694
1.4024024024 7.98920830921 -2.64342879938
1.40840840841 7.97369054344 -2.52260138409
1.41441441441 7.95890679108 -2.39902703138
1.42042042042 7.94487340193 -2.27275152877
1.42642642643 7.93160647241 -2.1438139951
1.43243243243 7.91912188247 -2.01224784923
1.43843843844 7.90743532708 -1.87808162458
1.44444444444 7.89656234343 -1.74133965559
1.45045045045 7.88651833422 -1.6020426572
1.45645645646 7.87731858779 -1.46020821522
1.46246246246 7.8689782956 -1.31585120215
1.46846846847 7.86151256734 -1.16898413072
1.47447447447 7.85493644418 -1.01961745497
1.48048048048 7.84926491023 -0.867759827568
1.48648648649 7.84451290271 -0.713418320012
1.49249249249 7.8406953208 -0.556598611734
1.4984984985 7.8378270335 -0.397305152809
1.5045045045 7.83592288653 -0.235541304376
1.51051051051 7.83499770852 -0.0713094600991
1.51651651652 7.83506631644 0.0953888484544
1.52252252252 7.83614352051 0.264552860184
1.52852852853 7.83824412857 0.436182504545
1.53453453453 7.84138295 0.610278331685
1.54054054054 7.84557479922 0.786841451202
1.54654654655 7.85083449896 0.965873478318
1.55255255255 7.85717688305 1.14737648645
1.55855855856 7.8646167991 1.33135296533
1.56456456456 7.87316911086 1.51780578386
1.57057057057 7.8828487004 1.70673815718
1.57657657658 7.8936704701 1.89815361738
1.58258258258 7.90564934446 2.09205598726
1.58858858859 7.91880027175 2.288449357
1.59459459459 7.93313822562 2.48733806312
1.6006006006 7.94867820645 2.68872666968
1.60660660661 7.96543524267 2.89261995127
1.61261261261 7.98342439205 3.09902287769
1.61861861862 8.00266074271 3.3079406001
1.62462462462 8.02315941427 3.51937843844
1.63063063063 8.04493555878 3.73334187003
1.63663663664 8.06800436166 3.94983651918
1.64264264264 8.0923810425 4.16886814769
1.64864864865 8.11808085592 4.39044264623
1.65465465465 8.1451190923 4.61456602639
1.66066066066 8.17351107846 4.84124441339
1.66666666667 8.20327217835 5.07048403947
1.67267267267 8.23441779365 5.30229123763
1.67867867868 8.26696336439 5.53667243608
1.68468468468 8.30092436946 5.7736341529
1.69069069069 8.33631632718 6.01318299127
1.6966966967 8.37315479578 6.25532563492
1.7027027027 8.41145537385 6.50006884402
1.70870870871 8.45123370082 6.74741945127
1.71471471471 8.49250545735 6.99738435833
1.72072072072 8.53528636578 7.24997053241
1.72672672673 8.57959219047 7.5051850032
1.73273273273 8.62543873819 7.76303485989
1.73873873874 8.67284185846 8.02352724846
1.74474474474 8.72181744388 8.2866693691
1.75075075075 8.77238143046 8.5524684738
1.75675675676 8.82454979792 8.8209318641
1.76276276276 8.87833856997 9.09206688895
1.76876876877 8.9337638146 9.3658809427
1.77477477477 8.99084164435 9.64238146325
1.78078078078 9.04958821656 9.92157593025
1.78678678679 9.11001973361 10.2034718634
1.79279279279 9.17215244315 10.4880768209
1.7987987988 9.23600263836 10.7753983978
1.8048048048 9.30158665814 11.065444225
1.81081081081 9.36892088731 11.3582219673
1.81681681682 9.43802175685 11.6537393226
1.82282282282 9.50890574404 11.9520040204
1.82882882883 9.58158937271 12.2530238209
1.83483483483 9.65608921336 12.5568065137
1.84084084084 9.73242188338 12.8633599166
1.84684684685 9.81060404719 13.1726918753
1.85285285285 9.89065241642 13.4848102614
1.85885885886 9.97258375003 13.7997229726
1.86486486486 10.0564148545 14.117437931
1.87087087087 10.142162584 14.4379630825
1.87687687688 10.2298438405 14.7613063964
1.88288288288 10.3194755738 15.0874758641
1.88888888889 10.4110747818 15.4164794987
1.89489489489 10.5046585107 15.7483253342
1.9009009009 10.6002438549 16.0830214249
1.90690690691 10.6978479573 16.4205758447
1.91291291291 10.7974880092 16.7609966865
1.91891891892 10.8991812508 17.1042920618
1.92492492492 11.0029449709 17.4504700998
1.93093093093 11.1087965072 17.799538947
1.93693693694 11.2167532465 18.151506767
1.94294294294 11.3268326246 18.5063817394
1.94894894895 11.4390521263 18.8641720598
1.95495495495 11.5534292859 19.2248859393
1.96096096096 11.6699816871 19.5885316038
1.96696696697 11.7887269629 19.9551172938
1.97297297297 11.9096827957 20.3246512637
1.97897897898 12.032866918 20.697141782
1.98498498498 12.1582971114 21.0725971302
1.99099099099 12.2859912078 21.4510256029
1.996996997 12.4159670887 21.8324355072
2.003003003 12.5482426854 22.2168351628
2.00900900901 12.6828359795 22.6042329008
2.01501501502 12.8197650025 22.9946370644
2.02102102102 12.9590478361 23.3880560078
2.02702702703 13.1007026122 23.7844980963
2.03303303303 13.244747513 24.1839717061
2.03903903904 13.3912007709 24.5864852235
2.04504504505 13.5400806688 24.9920470452
2.05105105105 13.6914055402 25.4006655777
2.05705705706 13.8451937688 25.8123492373
2.06306306306 14.0014637893 26.2271064495
2.06906906907 14.1602340865 26.6449456491
2.07507507508 14.3215231965 27.0658752799
2.08108108108 14.4853497055 27.4899037943
2.08708708709 14.651732251 27.9170396532
2.09309309309 14.8206895212 28.3472913259
2.0990990991 14.992240255 28.7806672897
2.10510510511 15.1664032424 29.2171760298
2.11111111111 15.3431973244 29.6568260392
2.11711711712 15.522641393 30.0996258184
2.12312312312 15.7047543913 30.545583875
2.12912912913 15.8895553134 30.994708724
2.13513513514 16.0770632048 31.4470088875
2.14114114114 16.2672971619 31.9024928942
2.14714714715 16.4602763326 32.3611692795
2.15315315315 16.656019916 32.8230465854
2.15915915916 16.8545471625 33.2881333602
2.16516516517 17.0558773738 33.7564381585
2.17117117117 17.2600299031 34.227969541
2.17717717718 17.4670241551 34.7027360741
2.18318318318 17.6768795857 35.1807463304
2.18918918919 17.8896157026 35.6620088877
2.1951951952 18.1052520648 36.1465323297
2.2012012012 18.3238082831 36.6343252455
2.20720720721 18.5453040197 37.1253962293
2.21321321321 18.7697589886 37.6197538807
2.21921921922 18.9971929552 38.1174068041
2.22522522523 19.227625737 38.6183636092
2.23123123123 19.4610772028 39.1226329104
2.23723723724 19.6975672734 39.6302233267
2.24324324324 19.9371159214 40.1411434819
2.24924924925 20.1797431711 40.6554020044
2.25525525526 20.4254690987 41.173007527
2.26126126126 20.6743138321 41.6939686866
2.26726726727 20.9262975514 42.2182941248
2.27327327327 21.1814404883 42.745992487
2.27927927928 21.4397629266 43.2770724229
2.28528528529 21.7012852021 43.8115425862
2.29129129129 21.9660277024 44.3494116342
2.2972972973 22.2340108673 44.8906882285
2.3033033033 22.5052551886 45.4353810341
2.30930930931 22.7797812101 45.9834987199
2.31531531532 23.0576095276 46.5350499582
2.32132132132 23.3387607892 47.090043425
2.32732732733 23.6232556949 47.6484877996
2.33333333333 23.911114997 48.2103917648
2.33933933934 24.2023594998 48.7757640068
2.34534534535 24.4970100601 49.3446132147
2.35135135135 24.7950875865 49.9169480812
2.35735735736 25.0966130401 50.4927773019
2.36336336336 25.401607434 51.0721095755
2.36936936937 25.7100918338 51.6549536037
2.37537537538 26.0220873571 52.2413180911
2.38138138138 26.3376151742 52.8312117453
2.38738738739 26.6566965072 53.4246432765
2.39339339339 26.979352631 54.021621398
2.3993993994 27.3056048724 54.6221548256
2.40540540541 27.6354746109 55.2262522778
2.41141141141 27.9689832781 55.8339224756
2.41741741742 28.3061523583 56.4451741429
2.42342342342 28.6470033879 57.0600160057
2.42942942943 28.991557956 57.6784567927
2.43543543544 29.3398377038 58.3005052351
2.44144144144 29.6918643252 58.9261700662
2.44744744745 30.0476595664 59.555460022
2.45345345345 30.4072452263 60.1883838403
2.45945945946 30.7706431561 60.8249502617
2.46546546547 31.1378752595 61.4651680286
2.47147147147 31.5089634928 62.1090458856
2.47747747748 31.8839298647 62.7565925796
2.48348348348 32.2627964367 63.4078168595
2.48948948949 32.6455853225 64.0627274762
2.4954954955 33.0323186887 64.7213331826
2.5015015015 33.4230187541 65.3836427336
2.50750750751 33.8177077906 66.0496648861
2.51351351351 34.2164081221 66.7194083989
2.51951951952 34.6191421257 67.3928820324
2.52552552553 35.0259322306 68.0700945492
2.53153153153 35.4368009191 68.7510547135
2.53753753754 35.8517707257 69.4357712913
2.54354354354 36.2708642379 70.1242530503
2.54954954955 36.6941040957 70.81650876
2.55555555556 37.1215129917 71.5125471914
2.56156156156 37.5531136715 72.2123771173
2.56756756757 37.9889289331 72.9160073122
2.57357357357 38.4289816272 73.6234465519
2.57957957958 38.8732946574 74.334703614
2.58558558559 39.32189098 75.0497872775
2.59159159159 39.7747936037 75.768706323
2.5975975976 40.2320255904 76.4914695325
2.6036036036 40.6936100546 77.2180856896
2.60960960961 41.1595701633 77.948563579
2.61561561562 41.6299291366 78.6829119873
2.62162162162 42.1047102472 79.421139702
2.62762762763 42.5839368207 80.1632555123
2.63363363363 43.0676322354 80.9092682085
2.63963963964 43.5558199223 81.6591865824
2.64564564565 44.0485233655 82.4130194269
2.65165165165 44.5457661016 83.1707755363
2.65765765766 45.0475717203 83.9324637062
2.66366366366 45.5539638638 84.6980927333
2.66966966967 46.0649662276 85.4676714156
2.67567567568 46.5806025595 86.2412085521
2.68168168168 47.1008966606 87.0187129432
2.68768768769 47.6258723847 87.8001933903
2.69369369369 48.1555536383 88.585658696
2.6996996997 48.689964381 89.375117664
2.70570570571 49.2291286252 90.1685790992
2.71171171171 49.7730704363 90.9660518072
2.71771771772 50.3218139322 91.7675445951
2.72372372372 50.8753832843 92.5730662708
2.72972972973 51.4338027163 93.3826256432
2.73573573574 51.9970965052 94.1962315225
2.74174174174 52.5652889808 95.0138927194
2.74774774775 53.1384045258 95.835618046
2.75375375375 53.716467576 96.6614163151
2.75975975976 54.2995026197 97.4912963407
2.76576576577 54.8875341987 98.3252669374
2.77177177177 55.4805869073 99.163336921
2.77777777778 56.0786853929 100.005515108
2.78378378378 56.681854356 100.851810316
2.78978978979 57.2901185499 101.702231363
2.7957957958 57.9035027808 102.556787069
2.8018018018 58.5220319081 103.415486254
2.80780780781 59.1457308439 104.278337737
2.81381381381 59.7746245535 105.145350342
2.81981981982 60.4087380552 106.016532891
2.82582582583 61.0480964201 106.891894206
2.83183183183 61.6927247724 107.771443112
2.83783783784 62.3426482893 108.655188434
2.84384384384 62.997892201 109.543138998
2.84984984985 63.6584817908 110.43530363
2.85585585586 64.3244423948 111.331691156
2.86186186186 64.9957994023 112.232310405
2.86786786787 65.6725782555 113.137170205
2.87387387387 66.3548044498 114.046279386
2.87987987988 67.0425035334 114.959646777
2.88588588589 67.7357011078 115.877281209
2.89189189189 68.4344228272 116.799191513
2.8978978979 69.1386943992 117.725386522
2.9039039039 69.8485415842 118.655875067
2.90990990991 70.5639901958 119.590665982
2.91591591592 71.2850661005 120.529768101
2.92192192192 72.0117952181 121.473190258
2.92792792793 72.7442035211 122.420941289
2.93393393393 73.4823170353 123.373030029
2.93993993994 74.2261618397 124.329465314
2.94594594595 74.9757640661 125.290255982
2.95195195195 75.7311498996 126.255410869
2.95795795796 76.4923455781 127.224938814
2.96396396396 77.2593773928 128.198848656
2.96996996997 78.0322716881 129.177149233
2.97597597598 78.8110548611 130.159849385
2.98198198198 79.5957533624 131.146957952
2.98798798799 80.3863936954 132.138483776
2.99399399399 81.1830024167 133.134435697
3.0 81.9856061362 133.633519288
